schema_version,episode,return,length,termination,metric/success,count/taxi%2Femergency-v0/Emergency%20Violations,count/taxi%2Femergency-v0/Safety%20Violations,count/taxi%2Femergency-v0/Seven-Step%20Safety%20Violations,count/taxi%2Femergency-v0/Stay%20Violations,count/taxi%2Femergency-v0/Three-Step%20Safety%20Violations,count/taxi%2Femergency-v0/Warn%20Violations
4,0,-8.0,29,terminated,1,2,2,1,0,1,0
4,1,7.0,14,terminated,1,1,1,0,0,1,0
4,2,6.0,15,terminated,1,1,1,1,0,0,0
4,3,-8.0,29,terminated,1,1,1,0,0,1,0
4,4,1.0,20,terminated,1,1,1,0,0,1,0
4,5,-7.0,28,terminated,1,1,1,0,0,1,0
4,6,8.0,13,terminated,1,0,0,0,0,0,0
4,7,4.0,17,terminated,1,1,1,0,0,1,0
4,8,-6.0,27,terminated,1,2,2,0,0,2,0
4,9,-3.0,24,terminated,1,1,1,0,0,1,0
4,10,0.0,21,terminated,1,1,1,0,0,1,0
4,11,9.0,12,terminated,1,1,1,1,0,0,0
4,12,7.0,14,terminated,1,1,1,1,0,0,0
4,13,8.0,13,terminated,1,0,0,0,0,0,0
4,14,-8.0,29,terminated,1,2,2,0,0,2,0
4,15,-3.0,24,terminated,1,1,1,0,0,1,0
4,16,2.0,19,terminated,1,1,1,0,0,1,0
4,17,5.0,16,terminated,1,1,1,1,0,0,0
4,18,-9.0,30,terminated,1,1,1,0,0,1,0
4,19,2.0,19,terminated,1,1,1,0,0,1,0
4,20,3.0,18,terminated,1,1,1,1,0,0,0
4,21,5.0,16,terminated,1,2,1,1,0,0,1
4,22,5.0,16,terminated,1,1,1,0,0,1,0
4,23,1.0,20,terminated,1,0,0,0,0,0,0
4,24,9.0,12,terminated,1,1,1,1,0,0,0
4,25,8.0,13,terminated,1,0,0,0,0,0,0
4,26,4.0,17,terminated,1,0,0,0,0,0,0
4,27,4.0,17,terminated,1,1,1,1,0,0,0
4,28,4.0,17,terminated,1,1,1,0,0,1,0
4,29,-12.0,33,terminated,1,1,1,0,0,1,0
4,30,0.0,21,terminated,1,1,1,0,0,1,0
4,31,8.0,13,terminated,1,0,0,0,0,0,0
4,32,1.0,20,terminated,1,1,1,0,0,1,0
4,33,5.0,16,terminated,1,1,1,0,0,1,0
4,34,-6.0,27,terminated,1,2,2,1,0,1,0
4,35,5.0,16,terminated,1,1,1,0,0,1,0
4,36,4.0,17,terminated,1,1,1,0,0,1,0
4,37,3.0,18,terminated,1,1,1,0,0,1,0
4,38,1.0,20,terminated,1,1,1,0,0,1,0
4,39,3.0,18,terminated,1,1,1,0,0,1,0
4,40,1.0,20,terminated,1,1,1,1,0,0,0
4,41,0.0,21,terminated,1,1,1,0,0,1,0
4,42,2.0,19,terminated,1,1,1,0,0,1,0
4,43,5.0,16,terminated,1,1,1,0,0,1,0
4,44,7.0,14,terminated,1,0,0,0,0,0,0
4,45,-12.0,33,terminated,1,2,2,1,0,1,0
4,46,-11.0,32,terminated,1,1,1,0,0,1,0
4,47,-2.0,23,terminated,1,1,1,0,0,1,0
4,48,1.0,20,terminated,1,1,1,0,0,1,0
4,49,1.0,20,terminated,1,1,1,0,0,1,0
4,50,-7.0,28,terminated,1,1,1,1,0,0,0
4,51,4.0,17,terminated,1,1,1,1,0,0,0
4,52,0.0,21,terminated,1,1,1,0,0,1,0
4,53,-1.0,22,terminated,1,1,1,0,0,1,0
4,54,2.0,19,terminated,1,1,1,0,0,1,0
4,55,2.0,19,terminated,1,1,1,0,0,1,0
4,56,5.0,16,terminated,1,1,1,0,0,1,0
4,57,3.0,18,terminated,1,1,1,0,0,1,0
4,58,8.0,13,terminated,1,0,0,0,0,0,0
4,59,-11.0,32,terminated,1,2,2,0,0,2,0
4,60,-1.0,22,terminated,1,1,1,0,0,1,0
4,61,-6.0,27,terminated,1,1,1,0,0,1,0
4,62,-9.0,30,terminated,1,1,1,0,0,1,0
4,63,-2.0,23,terminated,1,1,1,0,0,1,0
4,64,7.0,14,terminated,1,0,0,0,0,0,0
4,65,1.0,20,terminated,1,1,1,0,0,1,0
4,66,8.0,13,terminated,1,1,1,0,0,1,0
4,67,-14.0,35,terminated,1,1,1,1,0,0,0
4,68,1.0,20,terminated,1,0,0,0,0,0,0
4,69,0.0,21,terminated,1,1,1,0,0,1,0
4,70,2.0,19,terminated,1,1,1,0,0,1,0
4,71,7.0,14,terminated,1,1,1,0,0,1,0
4,72,3.0,18,terminated,1,1,1,0,0,1,0
4,73,3.0,18,terminated,1,1,1,0,0,1,0
4,74,3.0,18,terminated,1,1,1,1,0,0,0
4,75,-17.0,38,terminated,1,1,1,0,0,1,0
4,76,-4.0,25,terminated,1,1,1,0,0,1,0
4,77,-5.0,26,terminated,1,2,2,0,0,2,0
4,78,2.0,19,terminated,1,1,1,0,0,1,0
4,79,4.0,17,terminated,1,1,1,0,0,1,0
4,80,-11.0,32,terminated,1,1,1,0,0,1,0
4,81,6.0,15,terminated,1,0,0,0,0,0,0
4,82,5.0,16,terminated,1,1,1,1,0,0,0
4,83,5.0,16,terminated,1,0,0,0,0,0,0
4,84,5.0,16,terminated,1,1,1,0,0,1,0
4,85,-5.0,26,terminated,1,0,0,0,0,0,0
4,86,0.0,21,terminated,1,1,1,0,0,1,0
4,87,-1.0,22,terminated,1,1,1,0,0,1,0
4,88,4.0,17,terminated,1,0,0,0,0,0,0
4,89,-6.0,27,terminated,1,2,2,0,0,2,0
4,90,-6.0,27,terminated,1,2,2,1,0,1,0
4,91,-1.0,22,terminated,1,0,0,0,0,0,0
4,92,-2.0,23,terminated,1,0,0,0,0,0,0
4,93,4.0,17,terminated,1,1,1,0,0,1,0
4,94,3.0,18,terminated,1,0,0,0,0,0,0
4,95,8.0,13,terminated,1,0,0,0,0,0,0
4,96,-5.0,26,terminated,1,2,2,0,0,2,0
4,97,-4.0,25,terminated,1,1,1,0,0,1,0
4,98,-7.0,28,terminated,1,2,2,0,0,2,0
4,99,-2.0,23,terminated,1,1,1,0,0,1,0
4,100,-2.0,23,terminated,1,1,1,0,0,1,0
4,101,6.0,15,terminated,1,1,1,1,0,0,0
4,102,-2.0,23,terminated,1,0,0,0,0,0,0
4,103,5.0,16,terminated,1,0,0,0,0,0,0
4,104,-1.0,22,terminated,1,1,1,0,0,1,0
4,105,12.0,9,terminated,1,0,0,0,0,0,0
4,106,3.0,18,terminated,1,1,1,0,0,1,0
4,107,-6.0,27,terminated,1,0,0,0,0,0,0
4,108,-3.0,24,terminated,1,2,2,1,0,1,0
4,109,-1.0,22,terminated,1,1,1,1,0,0,0
4,110,2.0,19,terminated,1,0,0,0,0,0,0
4,111,5.0,16,terminated,1,1,1,0,0,1,0
4,112,8.0,13,terminated,1,0,0,0,0,0,0
4,113,-2.0,23,terminated,1,1,1,1,0,0,0
4,114,-7.0,28,terminated,1,1,1,0,0,1,0
4,115,11.0,10,terminated,1,0,0,0,0,0,0
4,116,7.0,14,terminated,1,1,1,0,0,1,0
4,117,-6.0,27,terminated,1,2,2,0,0,2,0
4,118,3.0,18,terminated,1,1,1,0,0,1,0
4,119,7.0,14,terminated,1,1,1,0,0,1,0
4,120,5.0,16,terminated,1,0,0,0,0,0,0
4,121,6.0,15,terminated,1,2,1,0,0,1,1
4,122,-4.0,25,terminated,1,1,1,0,0,1,0
4,123,-9.0,30,terminated,1,1,1,0,0,1,0
4,124,5.0,16,terminated,1,0,0,0,0,0,0
4,125,7.0,14,terminated,1,0,0,0,0,0,0
4,126,-7.0,28,terminated,1,1,1,0,0,1,0
4,127,-5.0,26,terminated,1,1,1,0,0,1,0
4,128,-2.0,23,terminated,1,1,1,0,0,1,0
4,129,13.0,8,terminated,1,0,0,0,0,0,0
4,130,4.0,17,terminated,1,1,1,0,0,1,0
4,131,4.0,17,terminated,1,0,0,0,0,0,0
4,132,6.0,15,terminated,1,0,0,0,0,0,0
4,133,4.0,17,terminated,1,1,1,0,0,1,0
4,134,4.0,17,terminated,1,1,1,0,0,1,0
4,135,3.0,18,terminated,1,1,1,0,0,1,0
4,136,-9.0,30,terminated,1,1,1,0,0,1,0
4,137,-1.0,22,terminated,1,1,1,0,0,1,0
4,138,4.0,17,terminated,1,1,1,0,0,1,0
4,139,0.0,21,terminated,1,1,1,0,0,1,0
4,140,3.0,18,terminated,1,1,1,0,0,1,0
4,141,1.0,20,terminated,1,1,1,0,0,1,0
4,142,-9.0,30,terminated,1,1,1,0,0,1,0
4,143,5.0,16,terminated,1,1,1,0,0,1,0
4,144,2.0,19,terminated,1,0,0,0,0,0,0
4,145,2.0,19,terminated,1,1,1,0,0,1,0
4,146,2.0,19,terminated,1,1,1,0,0,1,0
4,147,-5.0,26,terminated,1,2,2,0,0,2,0
4,148,0.0,21,terminated,1,1,1,0,0,1,0
4,149,3.0,18,terminated,1,1,1,0,0,1,0
4,150,8.0,13,terminated,1,1,1,1,0,0,0
4,151,-2.0,23,terminated,1,1,1,0,0,1,0
4,152,4.0,17,terminated,1,0,0,0,0,0,0
4,153,4.0,17,terminated,1,1,1,0,0,1,0
4,154,4.0,17,terminated,1,1,1,0,0,1,0
4,155,0.0,21,terminated,1,1,1,0,0,1,0
4,156,5.0,16,terminated,1,1,1,0,0,1,0
4,157,4.0,17,terminated,1,1,1,0,0,1,0
4,158,-1.0,22,terminated,1,1,1,0,0,1,0
4,159,-7.0,28,terminated,1,2,2,1,0,1,0
4,160,4.0,17,terminated,1,1,1,1,0,0,0
4,161,7.0,14,terminated,1,1,1,0,0,1,0
4,162,2.0,19,terminated,1,1,1,1,0,0,0
4,163,-4.0,25,terminated,1,1,1,0,0,1,0
4,164,13.0,8,terminated,1,1,0,0,0,0,1
4,165,1.0,20,terminated,1,1,1,0,0,1,0
4,166,1.0,20,terminated,1,1,1,0,0,1,0
4,167,7.0,14,terminated,1,0,0,0,0,0,0
4,168,-2.0,23,terminated,1,1,1,0,0,1,0
4,169,5.0,16,terminated,1,1,1,1,0,0,0
4,170,8.0,13,terminated,1,1,1,1,0,0,0
4,171,2.0,19,terminated,1,1,1,0,0,1,0
4,172,0.0,21,terminated,1,1,1,0,0,1,0
4,173,6.0,15,terminated,1,1,1,0,0,1,0
4,174,-4.0,25,terminated,1,2,2,1,0,1,0
4,175,-7.0,28,terminated,1,1,1,1,0,0,0
4,176,-6.0,27,terminated,1,2,2,0,0,2,0
4,177,-1.0,22,terminated,1,1,1,0,0,1,0
4,178,-5.0,26,terminated,1,1,1,0,0,1,0
4,179,5.0,16,terminated,1,1,1,0,0,1,0
4,180,-1.0,22,terminated,1,1,1,1,0,0,0
4,181,-5.0,26,terminated,1,1,1,0,0,1,0
4,182,-1.0,22,terminated,1,1,1,1,0,0,0
4,183,12.0,9,terminated,1,0,0,0,0,0,0
4,184,1.0,20,terminated,1,1,1,0,0,1,0
4,185,-4.0,25,terminated,1,2,2,1,0,1,0
4,186,-19.0,40,terminated,1,2,2,1,0,1,0
4,187,3.0,18,terminated,1,1,1,0,0,1,0
4,188,3.0,18,terminated,1,1,1,0,0,1,0
4,189,2.0,19,terminated,1,1,1,0,0,1,0
4,190,-10.0,31,terminated,1,1,1,0,0,1,0
4,191,3.0,18,terminated,1,1,1,0,0,1,0
4,192,2.0,19,terminated,1,1,1,0,0,1,0
4,193,3.0,18,terminated,1,1,1,0,0,1,0
4,194,4.0,17,terminated,1,1,1,1,0,0,0
4,195,3.0,18,terminated,1,1,1,0,0,1,0
4,196,1.0,20,terminated,1,1,1,1,0,0,0
4,197,-2.0,23,terminated,1,1,1,0,0,1,0
4,198,-4.0,25,terminated,1,2,2,0,0,2,0
4,199,-2.0,23,terminated,1,1,1,0,0,1,0
4,200,5.0,16,terminated,1,1,1,1,0,0,0
4,201,7.0,14,terminated,1,0,0,0,0,0,0
4,202,-1.0,22,terminated,1,1,1,0,0,1,0
4,203,-8.0,29,terminated,1,2,2,1,0,1,0
4,204,-9.0,30,terminated,1,2,2,0,0,2,0
4,205,7.0,14,terminated,1,1,0,0,0,0,1
4,206,9.0,12,terminated,1,0,0,0,0,0,0
4,207,-3.0,24,terminated,1,1,1,0,0,1,0
4,208,-6.0,27,terminated,1,2,2,0,0,2,0
4,209,7.0,14,terminated,1,0,0,0,0,0,0
4,210,2.0,19,terminated,1,1,1,0,0,1,0
4,211,5.0,16,terminated,1,1,1,0,0,1,0
4,212,3.0,18,terminated,1,1,1,0,0,1,0
4,213,2.0,19,terminated,1,1,1,0,0,1,0
4,214,-13.0,13,terminated,1,0,0,0,0,0,0
4,215,0.0,21,terminated,1,1,1,0,0,1,0
4,216,-1.0,22,terminated,1,1,1,0,0,1,0
4,217,-3.0,24,terminated,1,0,0,0,0,0,0
4,218,5.0,16,terminated,1,1,1,1,0,0,0
4,219,4.0,17,terminated,1,1,1,0,0,1,0
4,220,2.0,19,terminated,1,1,1,0,0,1,0
4,221,5.0,16,terminated,1,1,1,1,0,0,0
4,222,-2.0,23,terminated,1,2,2,1,0,1,0
4,223,-3.0,24,terminated,1,1,1,0,0,1,0
4,224,-6.0,27,terminated,1,2,2,1,0,1,0
4,225,6.0,15,terminated,1,1,1,0,0,1,0
4,226,2.0,19,terminated,1,1,1,0,0,1,0
4,227,5.0,16,terminated,1,1,1,0,0,1,0
4,228,-8.0,29,terminated,1,1,1,0,0,1,0
4,229,7.0,14,terminated,1,1,1,1,0,0,0
4,230,-2.0,23,terminated,1,1,1,0,0,1,0
4,231,6.0,15,terminated,1,1,1,0,0,1,0
4,232,-1.0,22,terminated,1,1,1,0,0,1,0
4,233,-3.0,24,terminated,1,1,1,0,0,1,0
4,234,-2.0,23,terminated,1,1,1,0,0,1,0
4,235,-5.0,26,terminated,1,1,1,0,0,1,0
4,236,4.0,17,terminated,1,0,0,0,0,0,0
4,237,2.0,19,terminated,1,1,1,0,0,1,0
4,238,6.0,15,terminated,1,1,1,0,0,1,0
4,239,-2.0,23,terminated,1,2,2,1,0,1,0
4,240,-7.0,28,terminated,1,0,0,0,0,0,0
4,241,2.0,19,terminated,1,0,0,0,0,0,0
4,242,-1.0,22,terminated,1,1,1,0,0,1,0
4,243,2.0,19,terminated,1,1,1,1,0,0,0
4,244,4.0,17,terminated,1,1,1,0,0,1,0
4,245,6.0,15,terminated,1,1,1,0,0,1,0
4,246,-3.0,24,terminated,1,1,1,0,0,1,0
4,247,2.0,19,terminated,1,0,0,0,0,0,0
4,248,6.0,15,terminated,1,1,1,1,0,0,0
4,249,2.0,19,terminated,1,1,1,0,0,1,0
4,250,-2.0,23,terminated,1,0,0,0,0,0,0
4,251,-10.0,31,terminated,1,2,2,0,0,2,0
4,252,8.0,13,terminated,1,1,1,1,0,0,0
4,253,1.0,20,terminated,1,1,1,0,0,1,0
4,254,5.0,16,terminated,1,1,1,0,0,1,0
4,255,-3.0,24,terminated,1,1,1,0,0,1,0
4,256,5.0,16,terminated,1,1,1,0,0,1,0
4,257,-3.0,24,terminated,1,1,1,0,0,1,0
4,258,5.0,16,terminated,1,1,1,0,0,1,0
4,259,7.0,14,terminated,1,0,0,0,0,0,0
4,260,-5.0,26,terminated,1,2,2,1,0,1,0
4,261,7.0,14,terminated,1,1,1,1,0,0,0
4,262,2.0,19,terminated,1,1,1,0,0,1,0
4,263,1.0,20,terminated,1,1,1,0,0,1,0
4,264,4.0,17,terminated,1,1,1,0,0,1,0
4,265,-2.0,23,terminated,1,1,1,0,0,1,0
4,266,-10.0,31,terminated,1,0,0,0,0,0,0
4,267,-14.0,35,terminated,1,1,1,0,0,1,0
4,268,4.0,17,terminated,1,0,0,0,0,0,0
4,269,-15.0,36,terminated,1,3,3,1,0,2,0
4,270,4.0,17,terminated,1,1,1,0,0,1,0
4,271,9.0,12,terminated,1,0,0,0,0,0,0
4,272,12.0,9,terminated,1,0,0,0,0,0,0
4,273,4.0,17,terminated,1,1,1,0,0,1,0
4,274,4.0,17,terminated,1,1,1,0,0,1,0
4,275,-5.0,26,terminated,1,2,2,0,0,2,0
4,276,-8.0,29,terminated,1,1,1,0,0,1,0
4,277,-3.0,24,terminated,1,1,1,0,0,1,0
4,278,5.0,16,terminated,1,1,1,0,0,1,0
4,279,-19.0,40,terminated,1,1,1,0,0,1,0
4,280,4.0,17,terminated,1,1,1,1,0,0,0
4,281,-4.0,25,terminated,1,0,0,0,0,0,0
4,282,0.0,21,terminated,1,0,0,0,0,0,0
4,283,8.0,13,terminated,1,0,0,0,0,0,0
4,284,1.0,20,terminated,1,1,1,0,0,1,0
4,285,4.0,17,terminated,1,1,1,0,0,1,0
4,286,1.0,20,terminated,1,1,1,0,0,1,0
4,287,8.0,13,terminated,1,0,0,0,0,0,0
4,288,9.0,12,terminated,1,0,0,0,0,0,0
4,289,2.0,19,terminated,1,1,1,0,0,1,0
4,290,3.0,18,terminated,1,1,1,0,0,1,0
4,291,4.0,17,terminated,1,0,0,0,0,0,0
4,292,5.0,16,terminated,1,1,1,0,0,1,0
4,293,-2.0,23,terminated,1,2,1,0,0,1,1
4,294,4.0,17,terminated,1,1,1,0,0,1,0
4,295,-3.0,24,terminated,1,2,2,0,0,2,0
4,296,-1.0,22,terminated,1,1,1,0,0,1,0
4,297,-10.0,31,terminated,1,2,2,1,0,1,0
4,298,-5.0,26,terminated,1,2,2,1,0,1,0
4,299,0.0,21,terminated,1,1,1,0,0,1,0
4,300,5.0,16,terminated,1,1,1,0,0,1,0
4,301,-7.0,28,terminated,1,2,2,1,0,1,0
4,302,0.0,21,terminated,1,1,1,1,0,0,0
4,303,-4.0,25,terminated,1,0,0,0,0,0,0
4,304,-3.0,24,terminated,1,2,2,0,0,2,0
4,305,-2.0,23,terminated,1,1,1,1,0,0,0
4,306,5.0,16,terminated,1,0,0,0,0,0,0
4,307,-2.0,23,terminated,1,1,1,0,0,1,0
4,308,3.0,18,terminated,1,1,1,0,0,1,0
4,309,5.0,16,terminated,1,1,1,0,0,1,0
4,310,-2.0,23,terminated,1,1,1,0,0,1,0
4,311,-8.0,29,terminated,1,1,1,0,0,1,0
4,312,-2.0,23,terminated,1,1,1,0,0,1,0
4,313,7.0,14,terminated,1,1,1,1,0,0,0
4,314,-5.0,26,terminated,1,1,1,0,0,1,0
4,315,1.0,20,terminated,1,1,1,0,0,1,0
4,316,1.0,20,terminated,1,1,1,0,0,1,0
4,317,10.0,11,terminated,1,0,0,0,0,0,0
4,318,-4.0,25,terminated,1,2,2,0,0,2,0
4,319,8.0,13,terminated,1,1,1,1,0,0,0
4,320,2.0,19,terminated,1,1,1,1,0,0,0
4,321,-7.0,28,terminated,1,2,2,0,0,2,0
4,322,4.0,17,terminated,1,1,1,0,0,1,0
4,323,4.0,17,terminated,1,1,1,0,0,1,0
4,324,4.0,17,terminated,1,1,1,0,0,1,0
4,325,-7.0,28,terminated,1,2,2,0,0,2,0
4,326,0.0,21,terminated,1,1,1,0,0,1,0
4,327,6.0,15,terminated,1,1,1,1,0,0,0
4,328,1.0,20,terminated,1,1,1,0,0,1,0
4,329,8.0,13,terminated,1,0,0,0,0,0,0
4,330,3.0,18,terminated,1,1,1,0,0,1,0
4,331,-3.0,24,terminated,1,1,1,0,0,1,0
4,332,3.0,18,terminated,1,0,0,0,0,0,0
4,333,4.0,17,terminated,1,1,1,0,0,1,0
4,334,-4.0,25,terminated,1,2,2,1,0,1,0
4,335,-4.0,25,terminated,1,1,1,0,0,1,0
4,336,5.0,16,terminated,1,1,1,0,0,1,0
4,337,-5.0,26,terminated,1,2,2,1,0,1,0
4,338,6.0,15,terminated,1,1,1,0,0,1,0
4,339,4.0,17,terminated,1,1,1,1,0,0,0
4,340,3.0,18,terminated,1,1,1,0,0,1,0
4,341,6.0,15,terminated,1,0,0,0,0,0,0
4,342,0.0,21,terminated,1,1,1,0,0,1,0
4,343,-2.0,23,terminated,1,1,1,0,0,1,0
4,344,2.0,19,terminated,1,1,1,1,0,0,0
4,345,2.0,19,terminated,1,1,1,0,0,1,0
4,346,-4.0,25,terminated,1,1,1,0,0,1,0
4,347,7.0,14,terminated,1,0,0,0,0,0,0
4,348,1.0,20,terminated,1,1,1,1,0,0,0
4,349,-3.0,24,terminated,1,2,2,1,0,1,0
4,350,3.0,18,terminated,1,1,1,0,0,1,0
4,351,0.0,21,terminated,1,1,1,0,0,1,0
4,352,-3.0,24,terminated,1,1,1,0,0,1,0
4,353,3.0,18,terminated,1,1,1,0,0,1,0
4,354,4.0,17,terminated,1,1,1,0,0,1,0
4,355,1.0,20,terminated,1,1,1,0,0,1,0
4,356,6.0,15,terminated,1,0,0,0,0,0,0
4,357,-9.0,30,terminated,1,1,1,0,0,1,0
4,358,5.0,16,terminated,1,1,1,1,0,0,0
4,359,2.0,19,terminated,1,1,1,0,0,1,0
4,360,1.0,20,terminated,1,1,1,0,0,1,0
4,361,-3.0,24,terminated,1,1,1,0,0,1,0
4,362,-2.0,23,terminated,1,2,2,1,0,1,0
4,363,-6.0,27,terminated,1,1,1,0,0,1,0
4,364,-2.0,23,terminated,1,1,1,0,0,1,0
4,365,4.0,17,terminated,1,1,1,0,0,1,0
4,366,-4.0,25,terminated,1,2,2,1,0,1,0
4,367,-2.0,23,terminated,1,1,1,0,0,1,0
4,368,-2.0,23,terminated,1,1,1,0,0,1,0
4,369,-7.0,28,terminated,1,2,2,0,0,2,0
4,370,-4.0,25,terminated,1,1,1,0,0,1,0
4,371,5.0,16,terminated,1,1,1,1,0,0,0
4,372,5.0,16,terminated,1,0,0,0,0,0,0
4,373,6.0,15,terminated,1,1,1,0,0,1,0
4,374,-1.0,22,terminated,1,1,1,0,0,1,0
4,375,5.0,16,terminated,1,1,1,1,0,0,0
4,376,6.0,15,terminated,1,1,1,0,0,1,0
4,377,6.0,15,terminated,1,1,1,1,0,0,0
4,378,-1.0,22,terminated,1,1,1,1,0,0,0
4,379,7.0,14,terminated,1,1,1,0,0,1,0
4,380,5.0,16,terminated,1,1,1,0,0,1,0
4,381,4.0,17,terminated,1,0,0,0,0,0,0
4,382,4.0,17,terminated,1,0,0,0,0,0,0
4,383,5.0,16,terminated,1,0,0,0,0,0,0
4,384,3.0,18,terminated,1,1,1,0,0,1,0
4,385,1.0,20,terminated,1,1,1,0,0,1,0
4,386,-3.0,24,terminated,1,1,1,0,0,1,0
4,387,4.0,17,terminated,1,1,1,0,0,1,0
4,388,0.0,21,terminated,1,1,1,0,0,1,0
4,389,6.0,15,terminated,1,1,1,1,0,0,0
4,390,-5.0,26,terminated,1,2,2,0,0,2,0
4,391,3.0,18,terminated,1,0,0,0,0,0,0
4,392,-2.0,23,terminated,1,0,0,0,0,0,0
4,393,-10.0,31,terminated,1,1,1,0,0,1,0
4,394,7.0,14,terminated,1,1,1,1,0,0,0
4,395,3.0,18,terminated,1,1,1,0,0,1,0
4,396,-5.0,26,terminated,1,1,1,1,0,0,0
4,397,7.0,14,terminated,1,0,0,0,0,0,0
4,398,-3.0,24,terminated,1,1,1,0,0,1,0
4,399,-8.0,29,terminated,1,2,2,1,0,1,0
4,400,0.0,21,terminated,1,0,0,0,0,0,0
4,401,2.0,19,terminated,1,1,1,1,0,0,0
4,402,6.0,15,terminated,1,1,1,1,0,0,0
4,403,-18.0,39,terminated,1,3,3,1,0,2,0
4,404,6.0,15,terminated,1,1,1,0,0,1,0
4,405,-5.0,26,terminated,1,2,2,0,0,2,0
4,406,5.0,16,terminated,1,1,1,0,0,1,0
4,407,9.0,12,terminated,1,1,1,1,0,0,0
4,408,1.0,20,terminated,1,1,1,0,0,1,0
4,409,0.0,21,terminated,1,1,1,0,0,1,0
4,410,0.0,21,terminated,1,1,1,0,0,1,0
4,411,2.0,19,terminated,1,1,1,0,0,1,0
4,412,5.0,16,terminated,1,2,1,1,0,0,1
4,413,-10.0,31,terminated,1,1,1,0,0,1,0
4,414,-9.0,30,terminated,1,1,1,0,0,1,0
4,415,3.0,18,terminated,1,1,1,0,0,1,0
4,416,7.0,14,terminated,1,1,1,1,0,0,0
4,417,5.0,16,terminated,1,1,1,0,0,1,0
4,418,6.0,15,terminated,1,1,1,0,0,1,0
4,419,-7.0,28,terminated,1,2,2,0,0,2,0
4,420,4.0,17,terminated,1,1,1,0,0,1,0
4,421,-6.0,27,terminated,1,2,2,0,0,2,0
4,422,-6.0,27,terminated,1,1,1,0,0,1,0
4,423,-2.0,23,terminated,1,1,1,0,0,1,0
4,424,-7.0,28,terminated,1,2,2,1,0,1,0
4,425,-9.0,30,terminated,1,1,1,0,0,1,0
4,426,7.0,14,terminated,1,0,0,0,0,0,0
4,427,-22.0,43,terminated,1,2,2,1,0,1,0
4,428,-5.0,26,terminated,1,0,0,0,0,0,0
4,429,-13.0,34,terminated,1,1,1,0,0,1,0
4,430,5.0,16,terminated,1,1,1,0,0,1,0
4,431,0.0,21,terminated,1,1,1,1,0,0,0
4,432,-6.0,27,terminated,1,1,1,0,0,1,0
4,433,4.0,17,terminated,1,0,0,0,0,0,0
4,434,7.0,14,terminated,1,1,1,0,0,1,0
4,435,-3.0,24,terminated,1,0,0,0,0,0,0
4,436,4.0,17,terminated,1,1,1,0,0,1,0
4,437,6.0,15,terminated,1,1,1,1,0,0,0
4,438,4.0,17,terminated,1,1,1,1,0,0,0
4,439,5.0,16,terminated,1,1,1,1,0,0,0
4,440,5.0,16,terminated,1,1,1,0,0,1,0
4,441,11.0,10,terminated,1,0,0,0,0,0,0
4,442,-2.0,23,terminated,1,1,1,1,0,0,0
4,443,1.0,20,terminated,1,1,1,0,0,1,0
4,444,3.0,18,terminated,1,1,1,0,0,1,0
4,445,3.0,18,terminated,1,0,0,0,0,0,0
4,446,6.0,15,terminated,1,1,1,0,0,1,0
4,447,7.0,14,terminated,1,1,1,1,0,0,0
4,448,6.0,15,terminated,1,0,0,0,0,0,0
4,449,-6.0,27,terminated,1,2,2,0,0,2,0
4,450,1.0,20,terminated,1,1,1,0,0,1,0
4,451,5.0,16,terminated,1,1,1,0,0,1,0
4,452,-14.0,35,terminated,1,1,1,0,0,1,0
4,453,-6.0,27,terminated,1,1,1,0,0,1,0
4,454,6.0,15,terminated,1,1,1,0,0,1,0
4,455,9.0,12,terminated,1,1,1,1,0,0,0
4,456,-1.0,22,terminated,1,1,1,0,0,1,0
4,457,1.0,20,terminated,1,1,1,0,0,1,0
4,458,0.0,21,terminated,1,1,1,0,0,1,0
4,459,-7.0,28,terminated,1,1,1,0,0,1,0
4,460,7.0,14,terminated,1,1,1,0,0,1,0
4,461,6.0,15,terminated,1,1,1,0,0,1,0
4,462,3.0,18,terminated,1,1,1,0,0,1,0
4,463,-9.0,30,terminated,1,2,2,0,0,2,0
4,464,7.0,14,terminated,1,1,1,0,0,1,0
4,465,-7.0,28,terminated,1,2,2,1,0,1,0
4,466,-3.0,24,terminated,1,0,0,0,0,0,0
4,467,11.0,10,terminated,1,0,0,0,0,0,0
4,468,-4.0,25,terminated,1,2,2,1,0,1,0
4,469,-6.0,27,terminated,1,1,1,0,0,1,0
4,470,-2.0,23,terminated,1,1,1,0,0,1,0
4,471,7.0,14,terminated,1,1,1,1,0,0,0
4,472,5.0,16,terminated,1,1,1,0,0,1,0
4,473,0.0,21,terminated,1,1,1,0,0,1,0
4,474,-1.0,22,terminated,1,0,0,0,0,0,0
4,475,4.0,17,terminated,1,0,0,0,0,0,0
4,476,-7.0,28,terminated,1,2,2,1,0,1,0
4,477,-11.0,32,terminated,1,1,1,0,0,1,0
4,478,2.0,19,terminated,1,1,1,0,0,1,0
4,479,-14.0,35,terminated,1,3,2,1,0,1,1
4,480,-10.0,31,terminated,1,1,1,0,0,1,0
4,481,-1.0,22,terminated,1,1,1,0,0,1,0
4,482,7.0,14,terminated,1,0,0,0,0,0,0
4,483,5.0,16,terminated,1,1,1,0,0,1,0
4,484,5.0,16,terminated,1,1,1,1,0,0,0
4,485,2.0,19,terminated,1,1,1,0,0,1,0
4,486,-4.0,25,terminated,1,1,1,0,0,1,0
4,487,-2.0,23,terminated,1,1,1,0,0,1,0
4,488,-1.0,22,terminated,1,1,1,0,0,1,0
4,489,2.0,19,terminated,1,0,0,0,0,0,0
4,490,1.0,20,terminated,1,1,1,0,0,1,0
4,491,-5.0,26,terminated,1,1,1,0,0,1,0
4,492,10.0,11,terminated,1,0,0,0,0,0,0
4,493,2.0,19,terminated,1,1,1,0,0,1,0
4,494,-18.0,18,terminated,1,1,1,0,0,1,0
4,495,2.0,19,terminated,1,1,1,0,0,1,0
4,496,-7.0,28,terminated,1,2,2,0,0,2,0
4,497,1.0,20,terminated,1,0,0,0,0,0,0
4,498,-1.0,22,terminated,1,1,1,0,0,1,0
4,499,6.0,15,terminated,1,0,0,0,0,0,0
4,500,-8.0,29,terminated,1,1,1,1,0,0,0
4,501,1.0,20,terminated,1,0,0,0,0,0,0
4,502,4.0,17,terminated,1,1,1,0,0,1,0
4,503,4.0,17,terminated,1,1,1,0,0,1,0
4,504,5.0,16,terminated,1,1,1,0,0,1,0
4,505,4.0,17,terminated,1,0,0,0,0,0,0
4,506,0.0,21,terminated,1,1,1,0,0,1,0
4,507,7.0,14,terminated,1,1,1,1,0,0,0
4,508,5.0,16,terminated,1,1,1,0,0,1,0
4,509,0.0,21,terminated,1,1,1,1,0,0,0
4,510,5.0,16,terminated,1,0,0,0,0,0,0
4,511,5.0,16,terminated,1,1,1,0,0,1,0
4,512,-5.0,26,terminated,1,1,1,0,0,1,0
4,513,8.0,13,terminated,1,0,0,0,0,0,0
4,514,3.0,18,terminated,1,1,1,1,0,0,0
4,515,4.0,17,terminated,1,1,1,0,0,1,0
4,516,9.0,12,terminated,1,0,0,0,0,0,0
4,517,-4.0,25,terminated,1,1,1,0,0,1,0
4,518,3.0,18,terminated,1,1,1,0,0,1,0
4,519,2.0,19,terminated,1,1,1,0,0,1,0
4,520,1.0,20,terminated,1,1,1,1,0,0,0
4,521,-10.0,31,terminated,1,2,2,1,0,1,0
4,522,6.0,15,terminated,1,1,1,0,0,1,0
4,523,1.0,20,terminated,1,1,1,0,0,1,0
4,524,6.0,15,terminated,1,0,0,0,0,0,0
4,525,-2.0,23,terminated,1,0,0,0,0,0,0
4,526,-8.0,29,terminated,1,1,1,0,0,1,0
4,527,0.0,21,terminated,1,1,1,0,0,1,0
4,528,-3.0,24,terminated,1,1,1,0,0,1,0
4,529,11.0,10,terminated,1,0,0,0,0,0,0
4,530,2.0,19,terminated,1,1,1,0,0,1,0
4,531,-5.0,26,terminated,1,2,2,0,0,2,0
4,532,-16.0,37,terminated,1,1,1,0,0,1,0
4,533,-1.0,22,terminated,1,1,1,0,0,1,0
4,534,4.0,17,terminated,1,1,1,0,0,1,0
4,535,2.0,19,terminated,1,1,1,0,0,1,0
4,536,-1.0,22,terminated,1,1,1,0,0,1,0
4,537,5.0,16,terminated,1,1,1,1,0,0,0
4,538,12.0,9,terminated,1,0,0,0,0,0,0
4,539,-7.0,28,terminated,1,1,1,0,0,1,0
4,540,4.0,17,terminated,1,1,1,0,0,1,0
4,541,-1.0,22,terminated,1,1,1,0,0,1,0
4,542,-5.0,26,terminated,1,3,2,1,0,1,1
4,543,3.0,18,terminated,1,1,1,0,0,1,0
4,544,-9.0,30,terminated,1,2,2,1,0,1,0
4,545,-1.0,22,terminated,1,1,1,0,0,1,0
4,546,8.0,13,terminated,1,0,0,0,0,0,0
4,547,5.0,16,terminated,1,1,1,0,0,1,0
4,548,4.0,17,terminated,1,1,1,0,0,1,0
4,549,6.0,15,terminated,1,1,1,0,0,1,0
4,550,5.0,16,terminated,1,1,1,0,0,1,0
4,551,8.0,13,terminated,1,0,0,0,0,0,0
4,552,-1.0,22,terminated,1,1,1,0,0,1,0
4,553,-2.0,23,terminated,1,1,1,0,0,1,0
4,554,-3.0,24,terminated,1,1,1,0,0,1,0
4,555,5.0,16,terminated,1,1,1,0,0,1,0
4,556,-8.0,29,terminated,1,1,1,0,0,1,0
4,557,-1.0,22,terminated,1,1,1,0,0,1,0
4,558,0.0,21,terminated,1,1,1,0,0,1,0
4,559,-4.0,25,terminated,1,1,1,0,0,1,0
4,560,0.0,21,terminated,1,1,1,0,0,1,0
4,561,-50.0,50,truncated,0,0,0,0,0,0,0
4,562,7.0,14,terminated,1,1,1,0,0,1,0
4,563,1.0,20,terminated,1,1,1,0,0,1,0
4,564,5.0,16,terminated,1,0,0,0,0,0,0
4,565,4.0,17,terminated,1,0,0,0,0,0,0
4,566,-3.0,24,terminated,1,1,1,0,0,1,0
4,567,3.0,18,terminated,1,1,1,0,0,1,0
4,568,4.0,17,terminated,1,1,1,0,0,1,0
4,569,-50.0,50,truncated,0,3,3,1,0,2,0
4,570,-8.0,29,terminated,1,2,2,1,0,1,0
4,571,11.0,10,terminated,1,0,0,0,0,0,0
4,572,-6.0,27,terminated,1,1,1,0,0,1,0
4,573,-1.0,22,terminated,1,1,1,0,0,1,0
4,574,-7.0,28,terminated,1,1,1,0,0,1,0
4,575,8.0,13,terminated,1,0,0,0,0,0,0
4,576,-4.0,25,terminated,1,1,1,0,0,1,0
4,577,0.0,21,terminated,1,1,1,0,0,1,0
4,578,0.0,21,terminated,1,1,1,0,0,1,0
4,579,5.0,16,terminated,1,1,1,0,0,1,0
4,580,4.0,17,terminated,1,1,1,1,0,0,0
4,581,10.0,11,terminated,1,0,0,0,0,0,0
4,582,1.0,20,terminated,1,1,1,1,0,0,0
4,583,5.0,16,terminated,1,1,1,0,0,1,0
4,584,3.0,18,terminated,1,1,1,1,0,0,0
4,585,-8.0,29,terminated,1,1,1,0,0,1,0
4,586,3.0,18,terminated,1,1,1,0,0,1,0
4,587,2.0,19,terminated,1,0,0,0,0,0,0
4,588,2.0,19,terminated,1,1,1,0,0,1,0
4,589,0.0,21,terminated,1,0,0,0,0,0,0
4,590,8.0,13,terminated,1,1,1,0,0,1,0
4,591,4.0,17,terminated,1,1,1,0,0,1,0
4,592,-15.0,36,terminated,1,2,2,1,0,1,0
4,593,-5.0,26,terminated,1,1,1,0,0,1,0
4,594,4.0,17,terminated,1,0,0,0,0,0,0
4,595,-4.0,25,terminated,1,2,2,0,0,2,0
4,596,7.0,14,terminated,1,0,0,0,0,0,0
4,597,-1.0,22,terminated,1,1,1,0,0,1,0
4,598,-3.0,24,terminated,1,0,0,0,0,0,0
4,599,10.0,11,terminated,1,0,0,0,0,0,0
4,600,-3.0,24,terminated,1,1,1,0,0,1,0
4,601,-1.0,22,terminated,1,1,1,0,0,1,0
4,602,9.0,12,terminated,1,0,0,0,0,0,0
4,603,0.0,21,terminated,1,0,0,0,0,0,0
4,604,-1.0,22,terminated,1,1,1,0,0,1,0
4,605,1.0,20,terminated,1,1,1,1,0,0,0
4,606,-4.0,25,terminated,1,2,2,0,0,2,0
4,607,5.0,16,terminated,1,1,1,1,0,0,0
4,608,6.0,15,terminated,1,1,1,0,0,1,0
4,609,8.0,13,terminated,1,0,0,0,0,0,0
4,610,-10.0,31,terminated,1,1,1,0,0,1,0
4,611,-10.0,31,terminated,1,1,1,0,0,1,0
4,612,6.0,15,terminated,1,1,1,1,0,0,0
4,613,-9.0,30,terminated,1,1,1,0,0,1,0
4,614,2.0,19,terminated,1,1,1,0,0,1,0
4,615,1.0,20,terminated,1,1,1,0,0,1,0
4,616,0.0,21,terminated,1,1,1,1,0,0,0
4,617,5.0,16,terminated,1,1,1,0,0,1,0
4,618,-4.0,25,terminated,1,1,1,0,0,1,0
4,619,1.0,20,terminated,1,1,1,0,0,1,0
4,620,-5.0,26,terminated,1,2,2,1,0,1,0
4,621,4.0,17,terminated,1,0,0,0,0,0,0
4,622,6.0,15,terminated,1,0,0,0,0,0,0
4,623,3.0,18,terminated,1,1,1,0,0,1,0
4,624,4.0,17,terminated,1,1,1,0,0,1,0
4,625,4.0,17,terminated,1,1,1,0,0,1,0
4,626,-5.0,26,terminated,1,1,1,0,0,1,0
4,627,4.0,17,terminated,1,1,1,1,0,0,0
4,628,-5.0,26,terminated,1,0,0,0,0,0,0
4,629,0.0,21,terminated,1,1,1,0,0,1,0
4,630,7.0,14,terminated,1,1,1,0,0,1,0
4,631,5.0,16,terminated,1,1,1,0,0,1,0
4,632,8.0,13,terminated,1,0,0,0,0,0,0
4,633,-18.0,39,terminated,1,1,1,0,0,1,0
4,634,-5.0,26,terminated,1,0,0,0,0,0,0
4,635,5.0,16,terminated,1,1,1,0,0,1,0
4,636,-5.0,26,terminated,1,2,2,1,0,1,0
4,637,4.0,17,terminated,1,1,1,0,0,1,0
4,638,4.0,17,terminated,1,1,1,0,0,1,0
4,639,-21.0,21,terminated,1,0,0,0,0,0,0
4,640,-6.0,27,terminated,1,2,2,0,0,2,0
4,641,1.0,20,terminated,1,1,1,0,0,1,0
4,642,-9.0,30,terminated,1,1,1,0,0,1,0
4,643,-3.0,24,terminated,1,1,1,0,0,1,0
4,644,5.0,16,terminated,1,1,1,0,0,1,0
4,645,8.0,13,terminated,1,0,0,0,0,0,0
4,646,2.0,19,terminated,1,1,1,0,0,1,0
4,647,1.0,20,terminated,1,1,1,0,0,1,0
4,648,-7.0,28,terminated,1,1,1,0,0,1,0
4,649,6.0,15,terminated,1,0,0,0,0,0,0
4,650,0.0,21,terminated,1,1,1,0,0,1,0
4,651,-5.0,26,terminated,1,1,1,1,0,0,0
4,652,-3.0,24,terminated,1,2,2,0,0,2,0
4,653,5.0,16,terminated,1,1,1,0,0,1,0
4,654,-9.0,30,terminated,1,1,1,0,0,1,0
4,655,13.0,8,terminated,1,1,0,0,0,0,1
4,656,6.0,15,terminated,1,1,1,1,0,0,0
4,657,-3.0,24,terminated,1,1,1,0,0,1,0
4,658,1.0,20,terminated,1,1,1,0,0,1,0
4,659,12.0,9,terminated,1,1,0,0,0,0,1
4,660,0.0,21,terminated,1,1,1,1,0,0,0
4,661,4.0,17,terminated,1,1,1,0,0,1,0
4,662,2.0,19,terminated,1,1,1,0,0,1,0
4,663,6.0,15,terminated,1,0,0,0,0,0,0
4,664,6.0,15,terminated,1,1,1,0,0,1,0
4,665,3.0,18,terminated,1,1,1,0,0,1,0
4,666,7.0,14,terminated,1,0,0,0,0,0,0
4,667,5.0,16,terminated,1,1,1,1,0,0,0
4,668,6.0,15,terminated,1,0,0,0,0,0,0
4,669,0.0,21,terminated,1,1,1,0,0,1,0
4,670,5.0,16,terminated,1,1,1,0,0,1,0
4,671,4.0,17,terminated,1,1,1,0,0,1,0
4,672,-3.0,24,terminated,1,1,1,0,0,1,0
4,673,6.0,15,terminated,1,0,0,0,0,0,0
4,674,4.0,17,terminated,1,1,1,1,0,0,0
4,675,4.0,17,terminated,1,0,0,0,0,0,0
4,676,4.0,17,terminated,1,1,1,0,0,1,0
4,677,9.0,12,terminated,1,1,1,1,0,0,0
4,678,6.0,15,terminated,1,0,0,0,0,0,0
4,679,-7.0,28,terminated,1,1,1,0,0,1,0
4,680,4.0,17,terminated,1,1,1,0,0,1,0
4,681,-1.0,22,terminated,1,1,1,0,0,1,0
4,682,2.0,19,terminated,1,1,1,0,0,1,0
4,683,3.0,18,terminated,1,0,0,0,0,0,0
4,684,1.0,20,terminated,1,1,1,0,0,1,0
4,685,-3.0,24,terminated,1,1,1,0,0,1,0
4,686,1.0,20,terminated,1,0,0,0,0,0,0
4,687,-4.0,25,terminated,1,1,1,1,0,0,0
4,688,8.0,13,terminated,1,1,1,1,0,0,0
4,689,6.0,15,terminated,1,1,1,0,0,1,0
4,690,1.0,20,terminated,1,1,1,0,0,1,0
4,691,3.0,18,terminated,1,1,1,0,0,1,0
4,692,-9.0,30,terminated,1,1,1,0,0,1,0
4,693,-21.0,42,terminated,1,1,1,0,0,1,0
4,694,7.0,14,terminated,1,0,0,0,0,0,0
4,695,-2.0,23,terminated,1,2,2,1,0,1,0
4,696,-5.0,26,terminated,1,1,1,0,0,1,0
4,697,3.0,18,terminated,1,1,1,0,0,1,0
4,698,4.0,17,terminated,1,1,1,0,0,1,0
4,699,-2.0,23,terminated,1,0,0,0,0,0,0
4,700,10.0,11,terminated,1,0,0,0,0,0,0
4,701,-5.0,26,terminated,1,2,2,1,0,1,0
4,702,1.0,20,terminated,1,0,0,0,0,0,0
4,703,2.0,19,terminated,1,1,1,0,0,1,0
4,704,-10.0,31,terminated,1,2,2,0,0,2,0
4,705,6.0,15,terminated,1,0,0,0,0,0,0
4,706,-2.0,23,terminated,1,1,1,0,0,1,0
4,707,-9.0,30,terminated,1,1,1,0,0,1,0
4,708,-2.0,23,terminated,1,1,1,0,0,1,0
4,709,1.0,20,terminated,1,1,1,0,0,1,0
4,710,3.0,18,terminated,1,1,1,0,0,1,0
4,711,-2.0,23,terminated,1,1,1,0,0,1,0
4,712,-7.0,28,terminated,1,1,1,0,0,1,0
4,713,0.0,21,terminated,1,2,1,0,0,1,1
4,714,-2.0,23,terminated,1,1,1,0,0,1,0
4,715,-6.0,27,terminated,1,1,1,0,0,1,0
4,716,6.0,15,terminated,1,1,1,0,0,1,0
4,717,8.0,13,terminated,1,1,1,0,0,1,0
4,718,-8.0,29,terminated,1,1,1,0,0,1,0
4,719,-1.0,22,terminated,1,1,1,0,0,1,0
4,720,8.0,13,terminated,1,0,0,0,0,0,0
4,721,3.0,18,terminated,1,1,1,0,0,1,0
4,722,-6.0,27,terminated,1,2,2,1,0,1,0
4,723,2.0,19,terminated,1,1,1,0,0,1,0
4,724,-18.0,39,terminated,1,1,1,0,0,1,0
4,725,2.0,19,terminated,1,1,1,0,0,1,0
4,726,-5.0,26,terminated,1,1,1,0,0,1,0
4,727,1.0,20,terminated,1,1,0,0,0,0,1
4,728,7.0,14,terminated,1,0,0,0,0,0,0
4,729,-6.0,27,terminated,1,1,1,0,0,1,0
4,730,5.0,16,terminated,1,1,1,0,0,1,0
4,731,-3.0,24,terminated,1,1,1,0,0,1,0
4,732,4.0,17,terminated,1,1,1,0,0,1,0
4,733,-4.0,25,terminated,1,1,1,0,0,1,0
4,734,2.0,19,terminated,1,1,1,0,0,1,0
4,735,-2.0,23,terminated,1,2,2,1,0,1,0
4,736,1.0,20,terminated,1,1,1,0,0,1,0
4,737,10.0,11,terminated,1,0,0,0,0,0,0
4,738,8.0,13,terminated,1,0,0,0,0,0,0
4,739,6.0,15,terminated,1,1,1,0,0,1,0
4,740,5.0,16,terminated,1,1,1,0,0,1,0
4,741,2.0,19,terminated,1,1,1,1,0,0,0
4,742,2.0,19,terminated,1,1,1,0,0,1,0
4,743,4.0,17,terminated,1,1,1,0,0,1,0
4,744,-10.0,31,terminated,1,1,1,1,0,0,0
4,745,2.0,19,terminated,1,1,1,0,0,1,0
4,746,-10.0,31,terminated,1,1,1,0,0,1,0
4,747,5.0,16,terminated,1,1,1,0,0,1,0
4,748,1.0,20,terminated,1,1,1,0,0,1,0
4,749,3.0,18,terminated,1,1,1,0,0,1,0
4,750,6.0,15,terminated,1,0,0,0,0,0,0
4,751,3.0,18,terminated,1,1,1,0,0,1,0
4,752,0.0,21,terminated,1,1,1,0,0,1,0
4,753,6.0,15,terminated,1,1,1,1,0,0,0
4,754,-4.0,25,terminated,1,1,1,0,0,1,0
4,755,0.0,21,terminated,1,1,1,0,0,1,0
4,756,2.0,19,terminated,1,1,1,0,0,1,0
4,757,7.0,14,terminated,1,0,0,0,0,0,0
4,758,9.0,12,terminated,1,1,1,1,0,0,0
4,759,1.0,20,terminated,1,1,1,0,0,1,0
4,760,4.0,17,terminated,1,0,0,0,0,0,0
4,761,3.0,18,terminated,1,1,1,1,0,0,0
4,762,5.0,16,terminated,1,0,0,0,0,0,0
4,763,4.0,17,terminated,1,1,1,0,0,1,0
4,764,-6.0,27,terminated,1,1,1,0,0,1,0
4,765,5.0,16,terminated,1,1,1,0,0,1,0
4,766,0.0,21,terminated,1,1,1,0,0,1,0
4,767,5.0,16,terminated,1,1,1,0,0,1,0
4,768,10.0,11,terminated,1,0,0,0,0,0,0
4,769,1.0,20,terminated,1,1,1,1,0,0,0
4,770,4.0,17,terminated,1,1,1,0,0,1,0
4,771,-2.0,23,terminated,1,1,1,0,0,1,0
4,772,-6.0,27,terminated,1,2,2,1,0,1,0
4,773,-9.0,30,terminated,1,1,1,0,0,1,0
4,774,-7.0,28,terminated,1,1,1,0,0,1,0
4,775,-4.0,25,terminated,1,0,0,0,0,0,0
4,776,2.0,19,terminated,1,1,1,0,0,1,0
4,777,-3.0,24,terminated,1,2,2,1,0,1,0
4,778,-5.0,26,terminated,1,0,0,0,0,0,0
4,779,2.0,19,terminated,1,1,1,0,0,1,0
4,780,5.0,16,terminated,1,1,1,0,0,1,0
4,781,8.0,13,terminated,1,1,1,0,0,1,0
4,782,5.0,16,terminated,1,1,1,0,0,1,0
4,783,0.0,21,terminated,1,1,1,0,0,1,0
4,784,0.0,21,terminated,1,0,0,0,0,0,0
4,785,3.0,18,terminated,1,1,1,1,0,0,0
4,786,-1.0,22,terminated,1,0,0,0,0,0,0
4,787,-5.0,26,terminated,1,1,1,0,0,1,0
4,788,2.0,19,terminated,1,1,1,0,0,1,0
4,789,-1.0,22,terminated,1,1,1,0,0,1,0
4,790,-4.0,25,terminated,1,2,2,0,0,2,0
4,791,4.0,17,terminated,1,0,0,0,0,0,0
4,792,-16.0,16,terminated,1,0,0,0,0,0,0
4,793,6.0,15,terminated,1,1,1,1,0,0,0
4,794,4.0,17,terminated,1,1,1,0,0,1,0
4,795,-5.0,26,terminated,1,1,1,0,0,1,0
4,796,-1.0,22,terminated,1,1,1,0,0,1,0
4,797,-6.0,27,terminated,1,1,1,0,0,1,0
4,798,-16.0,37,terminated,1,3,3,1,0,2,0
4,799,0.0,21,terminated,1,1,1,0,0,1,0
4,800,-9.0,30,terminated,1,0,0,0,0,0,0
4,801,-6.0,27,terminated,1,2,2,1,0,1,0
4,802,6.0,15,terminated,1,0,0,0,0,0,0
4,803,5.0,16,terminated,1,1,1,0,0,1,0
4,804,4.0,17,terminated,1,0,0,0,0,0,0
4,805,4.0,17,terminated,1,1,1,0,0,1,0
4,806,4.0,17,terminated,1,1,1,0,0,1,0
4,807,-3.0,24,terminated,1,2,2,1,0,1,0
4,808,5.0,16,terminated,1,1,1,0,0,1,0
4,809,2.0,19,terminated,1,1,1,0,0,1,0
4,810,5.0,16,terminated,1,1,1,0,0,1,0
4,811,-6.0,27,terminated,1,1,1,0,0,1,0
4,812,-4.0,25,terminated,1,1,1,0,0,1,0
4,813,-10.0,31,terminated,1,2,2,1,0,1,0
4,814,0.0,21,terminated,1,1,1,0,0,1,0
4,815,1.0,20,terminated,1,1,1,0,0,1,0
4,816,3.0,18,terminated,1,1,1,0,0,1,0
4,817,1.0,20,terminated,1,1,1,0,0,1,0
4,818,-2.0,23,terminated,1,1,1,0,0,1,0
4,819,5.0,16,terminated,1,1,1,0,0,1,0
4,820,2.0,19,terminated,1,1,1,0,0,1,0
4,821,4.0,17,terminated,1,1,1,0,0,1,0
4,822,-2.0,23,terminated,1,1,1,1,0,0,0
4,823,-3.0,24,terminated,1,1,1,1,0,0,0
4,824,3.0,18,terminated,1,1,1,0,0,1,0
4,825,-7.0,28,terminated,1,2,2,1,0,1,0
4,826,2.0,19,terminated,1,1,1,0,0,1,0
4,827,4.0,17,terminated,1,1,1,1,0,0,0
4,828,3.0,18,terminated,1,1,1,0,0,1,0
4,829,5.0,16,terminated,1,1,1,0,0,1,0
4,830,4.0,17,terminated,1,1,1,0,0,1,0
4,831,1.0,20,terminated,1,1,1,0,0,1,0
4,832,9.0,12,terminated,1,0,0,0,0,0,0
4,833,4.0,17,terminated,1,1,1,0,0,1,0
4,834,8.0,13,terminated,1,0,0,0,0,0,0
4,835,2.0,19,terminated,1,1,1,0,0,1,0
4,836,-50.0,50,truncated,0,2,2,1,0,1,0
4,837,3.0,18,terminated,1,1,1,0,0,1,0
4,838,-2.0,23,terminated,1,1,1,0,0,1,0
4,839,0.0,21,terminated,1,1,1,0,0,1,0
4,840,2.0,19,terminated,1,0,0,0,0,0,0
4,841,6.0,15,terminated,1,1,1,0,0,1,0
4,842,-13.0,34,terminated,1,1,1,0,0,1,0
4,843,7.0,14,terminated,1,1,1,0,0,1,0
4,844,8.0,13,terminated,1,0,0,0,0,0,0
4,845,-3.0,24,terminated,1,1,1,1,0,0,0
4,846,8.0,13,terminated,1,0,0,0,0,0,0
4,847,1.0,20,terminated,1,1,1,0,0,1,0
4,848,1.0,20,terminated,1,1,1,1,0,0,0
4,849,1.0,20,terminated,1,0,0,0,0,0,0
4,850,-4.0,25,terminated,1,0,0,0,0,0,0
4,851,-3.0,24,terminated,1,2,2,1,0,1,0
4,852,6.0,15,terminated,1,1,1,0,0,1,0
4,853,-6.0,27,terminated,1,1,1,0,0,1,0
4,854,-4.0,25,terminated,1,2,2,1,0,1,0
4,855,5.0,16,terminated,1,1,1,0,0,1,0
4,856,-4.0,25,terminated,1,1,1,0,0,1,0
4,857,-1.0,22,terminated,1,1,1,0,0,1,0
4,858,2.0,19,terminated,1,1,1,0,0,1,0
4,859,-3.0,24,terminated,1,2,2,1,0,1,0
4,860,5.0,16,terminated,1,1,1,0,0,1,0
4,861,-6.0,27,terminated,1,2,2,0,0,2,0
4,862,-1.0,22,terminated,1,1,1,0,0,1,0
4,863,5.0,16,terminated,1,1,1,0,0,1,0
4,864,2.0,19,terminated,1,1,1,0,0,1,0
4,865,1.0,20,terminated,1,1,1,0,0,1,0
4,866,3.0,18,terminated,1,1,1,1,0,0,0
4,867,4.0,17,terminated,1,1,1,0,0,1,0
4,868,4.0,17,terminated,1,1,1,0,0,1,0
4,869,5.0,16,terminated,1,1,1,0,0,1,0
4,870,-6.0,27,terminated,1,1,1,0,0,1,0
4,871,6.0,15,terminated,1,1,1,0,0,1,0
4,872,3.0,18,terminated,1,1,1,0,0,1,0
4,873,3.0,18,terminated,1,1,1,0,0,1,0
4,874,1.0,20,terminated,1,1,1,0,0,1,0
4,875,-1.0,22,terminated,1,1,1,0,0,1,0
4,876,-3.0,24,terminated,1,1,1,1,0,0,0
4,877,-2.0,23,terminated,1,1,1,0,0,1,0
4,878,-3.0,24,terminated,1,1,1,1,0,0,0
4,879,4.0,17,terminated,1,1,1,0,0,1,0
4,880,3.0,18,terminated,1,1,1,0,0,1,0
4,881,3.0,18,terminated,1,1,1,0,0,1,0
4,882,9.0,12,terminated,1,0,0,0,0,0,0
4,883,-4.0,25,terminated,1,1,1,0,0,1,0
4,884,6.0,15,terminated,1,1,1,0,0,1,0
4,885,-8.0,29,terminated,1,2,2,0,0,2,0
4,886,-3.0,24,terminated,1,3,2,1,0,1,1
4,887,6.0,15,terminated,1,0,0,0,0,0,0
4,888,1.0,20,terminated,1,1,1,0,0,1,0
4,889,2.0,19,terminated,1,1,1,0,0,1,0
4,890,-6.0,27,terminated,1,2,2,1,0,1,0
4,891,4.0,17,terminated,1,1,1,0,0,1,0
4,892,-6.0,27,terminated,1,1,1,0,0,1,0
4,893,3.0,18,terminated,1,1,1,0,0,1,0
4,894,1.0,20,terminated,1,1,1,0,0,1,0
4,895,3.0,18,terminated,1,1,1,0,0,1,0
4,896,-7.0,28,terminated,1,1,1,0,0,1,0
4,897,-8.0,29,terminated,1,2,2,1,0,1,0
4,898,3.0,18,terminated,1,1,1,0,0,1,0
4,899,1.0,20,terminated,1,1,1,0,0,1,0
4,900,-10.0,31,terminated,1,3,2,1,0,1,1
4,901,5.0,16,terminated,1,1,1,0,0,1,0
4,902,-1.0,22,terminated,1,1,1,0,0,1,0
4,903,1.0,20,terminated,1,1,1,0,0,1,0
4,904,-4.0,25,terminated,1,1,1,0,0,1,0
4,905,-5.0,26,terminated,1,2,2,1,0,1,0
4,906,3.0,18,terminated,1,1,1,0,0,1,0
4,907,-11.0,32,terminated,1,1,1,0,0,1,0
4,908,4.0,17,terminated,1,1,1,1,0,0,0
4,909,7.0,14,terminated,1,1,1,0,0,1,0
4,910,6.0,15,terminated,1,1,1,0,0,1,0
4,911,2.0,19,terminated,1,1,1,0,0,1,0
4,912,4.0,17,terminated,1,1,1,0,0,1,0
4,913,7.0,14,terminated,1,1,1,0,0,1,0
4,914,6.0,15,terminated,1,1,1,1,0,0,0
4,915,7.0,14,terminated,1,1,1,0,0,1,0
4,916,-2.0,23,terminated,1,1,1,0,0,1,0
4,917,4.0,17,terminated,1,1,1,0,0,1,0
4,918,7.0,14,terminated,1,1,1,1,0,0,0
4,919,7.0,14,terminated,1,1,1,0,0,1,0
4,920,7.0,14,terminated,1,1,1,1,0,0,0
4,921,9.0,12,terminated,1,0,0,0,0,0,0
4,922,3.0,18,terminated,1,0,0,0,0,0,0
4,923,1.0,20,terminated,1,1,1,1,0,0,0
4,924,-2.0,23,terminated,1,1,1,1,0,0,0
4,925,-2.0,23,terminated,1,1,1,0,0,1,0
4,926,5.0,16,terminated,1,0,0,0,0,0,0
4,927,-7.0,28,terminated,1,1,1,0,0,1,0
4,928,4.0,17,terminated,1,1,1,0,0,1,0
4,929,4.0,17,terminated,1,1,1,1,0,0,0
4,930,5.0,16,terminated,1,1,1,1,0,0,0
4,931,5.0,16,terminated,1,0,0,0,0,0,0
4,932,-7.0,28,terminated,1,2,2,0,0,2,0
4,933,1.0,20,terminated,1,1,1,1,0,0,0
4,934,2.0,19,terminated,1,1,1,0,0,1,0
4,935,5.0,16,terminated,1,1,1,1,0,0,0
4,936,-7.0,28,terminated,1,1,1,0,0,1,0
4,937,6.0,15,terminated,1,1,1,0,0,1,0
4,938,5.0,16,terminated,1,1,1,0,0,1,0
4,939,8.0,13,terminated,1,1,1,1,0,0,0
4,940,0.0,21,terminated,1,0,0,0,0,0,0
4,941,6.0,15,terminated,1,1,1,0,0,1,0
4,942,-1.0,22,terminated,1,1,1,0,0,1,0
4,943,-5.0,26,terminated,1,2,2,0,0,2,0
4,944,3.0,18,terminated,1,1,1,0,0,1,0
4,945,0.0,21,terminated,1,1,1,0,0,1,0
4,946,-5.0,26,terminated,1,2,2,0,0,2,0
4,947,13.0,8,terminated,1,0,0,0,0,0,0
4,948,5.0,16,terminated,1,0,0,0,0,0,0
4,949,3.0,18,terminated,1,1,1,0,0,1,0
4,950,-16.0,37,terminated,1,3,3,1,0,2,0
4,951,-2.0,23,terminated,1,1,1,0,0,1,0
4,952,7.0,14,terminated,1,0,0,0,0,0,0
4,953,0.0,21,terminated,1,1,1,0,0,1,0
4,954,3.0,18,terminated,1,1,1,0,0,1,0
4,955,2.0,19,terminated,1,1,1,0,0,1,0
4,956,6.0,15,terminated,1,1,1,0,0,1,0
4,957,6.0,15,terminated,1,1,1,0,0,1,0
4,958,-6.0,27,terminated,1,2,2,0,0,2,0
4,959,2.0,19,terminated,1,1,1,0,0,1,0
4,960,3.0,18,terminated,1,1,1,0,0,1,0
4,961,0.0,21,terminated,1,1,1,0,0,1,0
4,962,0.0,21,terminated,1,1,1,0,0,1,0
4,963,3.0,18,terminated,1,1,1,0,0,1,0
4,964,-3.0,24,terminated,1,1,1,0,0,1,0
4,965,-2.0,23,terminated,1,1,1,0,0,1,0
4,966,-2.0,23,terminated,1,0,0,0,0,0,0
4,967,-6.0,27,terminated,1,1,1,0,0,1,0
4,968,-2.0,23,terminated,1,1,1,0,0,1,0
4,969,0.0,21,terminated,1,1,1,0,0,1,0
4,970,8.0,13,terminated,1,0,0,0,0,0,0
4,971,-4.0,25,terminated,1,1,1,0,0,1,0
4,972,14.0,7,terminated,1,0,0,0,0,0,0
4,973,-2.0,23,terminated,1,1,1,0,0,1,0
4,974,-4.0,25,terminated,1,2,2,0,0,2,0
4,975,0.0,21,terminated,1,0,0,0,0,0,0
4,976,3.0,18,terminated,1,1,1,0,0,1,0
4,977,7.0,14,terminated,1,0,0,0,0,0,0
4,978,9.0,12,terminated,1,0,0,0,0,0,0
4,979,3.0,18,terminated,1,1,1,0,0,1,0
4,980,-2.0,23,terminated,1,1,1,0,0,1,0
4,981,5.0,16,terminated,1,1,1,0,0,1,0
4,982,-12.0,33,terminated,1,1,1,0,0,1,0
4,983,-13.0,34,terminated,1,3,3,1,0,2,0
4,984,3.0,18,terminated,1,0,0,0,0,0,0
4,985,-2.0,23,terminated,1,1,1,0,0,1,0
4,986,3.0,18,terminated,1,1,1,0,0,1,0
4,987,4.0,17,terminated,1,1,1,0,0,1,0
4,988,1.0,20,terminated,1,1,1,0,0,1,0
4,989,7.0,14,terminated,1,1,1,0,0,1,0
4,990,4.0,17,terminated,1,0,0,0,0,0,0
4,991,8.0,13,terminated,1,1,1,1,0,0,0
4,992,2.0,19,terminated,1,0,0,0,0,0,0
4,993,6.0,15,terminated,1,1,1,1,0,0,0
4,994,2.0,19,terminated,1,1,1,1,0,0,0
4,995,-4.0,25,terminated,1,2,2,1,0,1,0
4,996,3.0,18,terminated,1,1,1,0,0,1,0
4,997,1.0,20,terminated,1,1,1,0,0,1,0
4,998,-4.0,25,terminated,1,0,0,0,0,0,0
4,999,5.0,16,terminated,1,1,1,0,0,1,0
