schema_version,episode,return,length,termination,metric/blue_eaten,metric/food_remaining,metric/lost,metric/orange_eaten,metric/score,metric/won,count/pacman%2Fhungry-vegan-penalty-v1/CTD,count/pacman%2Fhungry-vegan-penalty-v1/Hungr,count/pacman%2Fhungry-vegan-penalty-v1/HungryVeganPenalty,count/pacman%2Fhungry-vegan-penalty-v1/VegetarianBlue,count/pacman%2Fhungry-vegan-penalty-v1/VegetarianOrange,count/pacman%2Fhungry-vegan-v0/Hungr,count/pacman%2Fhungry-vegan-v0/HungryVegan,count/pacman%2Fhungry-vegan-v0/VegetarianBlue,count/pacman%2Fhungry-vegan-v0/VegetarianOrange,count/pacman%2Ftrapped-v1/count,count/pacman%2Fvegan-conflict-v1/OblBlue,count/pacman%2Fvegan-conflict-v1/VeganConflict,count/pacman%2Fvegan-conflict-v1/VegetarianBlue,count/pacman%2Fvegan-conflict-v1/VegetarianOrange,count/pacman%2Fvegan-v0/Vegan,count/pacman%2Fvegan-v0/VegetarianBlue,count/pacman%2Fvegan-v0/VegetarianOrange,count/pacman%2Fvegetarian-orange-v0/count
4,0,1558.0,92,terminated,1,0,0,2,1558.0,1,3,0,6,1,2,0,3,1,2,0,0,3,1,2,3,1,2,2
4,1,-345.0,85,terminated,0,31,1,0,-345.0,0,0,1,1,0,0,1,1,0,0,0,0,0,0,0,0,0,0,0
4,2,170.0,300,truncated,0,28,0,1,170.0,0,1,1,3,0,1,1,2,0,1,0,0,1,0,1,1,0,1,1
4,3,1740.0,110,terminated,2,0,0,2,1740.0,1,3,1,8,2,2,1,5,2,2,0,0,4,2,2,4,2,2,2
4,4,1424.0,226,terminated,1,0,0,2,1424.0,1,3,1,7,1,2,1,4,1,2,0,0,3,1,2,3,1,2,2
4,5,1535.0,115,terminated,2,0,0,1,1535.0,1,3,1,7,2,1,1,4,2,1,1,0,3,2,1,3,2,1,1
4,6,641.0,99,terminated,2,11,1,2,641.0,0,4,1,9,2,2,1,5,2,2,0,0,4,2,2,4,2,2,2
4,7,1481.0,169,terminated,2,0,0,1,1481.0,1,2,0,5,2,1,0,3,2,1,0,0,3,2,1,3,2,1,1
4,8,140.0,300,truncated,1,31,0,0,140.0,0,1,1,3,1,0,1,2,1,0,0,0,1,1,0,1,1,0,0
4,9,1365.0,85,terminated,2,0,0,0,1365.0,1,2,0,4,2,0,0,2,2,0,0,0,2,2,0,2,2,0,0
4,10,170.0,300,truncated,0,28,0,1,170.0,0,1,1,3,0,1,1,2,0,1,0,0,1,0,1,1,0,1,1
4,11,-317.0,47,terminated,0,32,1,0,-317.0,0,0,1,1,0,0,1,1,0,0,0,0,0,0,0,0,0,0,0
4,12,1519.0,131,terminated,2,0,0,1,1519.0,1,3,1,7,2,1,1,4,2,1,0,0,3,2,1,3,2,1,1
4,13,1312.0,138,terminated,1,0,0,1,1312.0,1,2,1,5,1,1,1,3,1,1,0,0,2,1,1,2,1,1,1
4,14,-342.0,282,terminated,1,31,1,0,-342.0,0,1,1,3,1,0,1,2,1,0,0,0,1,1,0,1,1,0,0
4,15,-30.0,300,truncated,0,28,0,0,-30.0,0,0,1,1,0,0,1,1,0,0,0,0,0,0,0,0,0,0,0
4,16,1759.0,91,terminated,2,0,0,2,1759.0,1,4,1,9,2,2,1,5,2,2,0,0,4,2,2,4,2,2,2
4,17,1459.0,191,terminated,1,0,0,2,1459.0,1,2,0,5,1,2,0,3,1,2,0,0,3,1,2,3,1,2,2
4,18,1757.0,93,terminated,2,0,0,2,1757.0,1,4,1,9,2,2,1,5,2,2,0,0,4,2,2,4,2,2,2
4,19,-532.0,262,terminated,0,32,1,0,-532.0,0,0,2,2,0,0,2,2,0,0,0,0,0,0,0,0,0,0,0
4,20,-175.0,25,terminated,0,40,1,1,-175.0,0,1,1,3,0,1,1,2,0,1,0,2,3,0,1,1,0,1,1
4,21,1556.0,94,terminated,1,0,0,2,1556.0,1,3,0,6,1,2,0,3,1,2,0,0,3,1,2,3,1,2,2
4,22,-186.0,36,terminated,1,40,1,0,-186.0,0,1,1,3,1,0,1,2,1,0,0,0,1,1,0,1,1,0,0
4,23,-169.0,139,terminated,1,28,1,0,-169.0,0,1,1,3,1,0,1,2,1,0,0,0,1,1,0,1,1,0,0
4,24,1730.0,120,terminated,2,0,0,2,1730.0,1,4,1,9,2,2,1,5,2,2,0,0,4,2,2,4,2,2,2
4,25,1338.0,112,terminated,1,0,0,1,1338.0,1,2,1,5,1,1,1,3,1,1,2,0,2,1,1,2,1,1,1
4,26,1521.0,129,terminated,2,0,0,1,1521.0,1,3,1,7,2,1,1,4,2,1,0,0,3,2,1,3,2,1,1
4,27,1313.0,137,terminated,1,0,0,1,1313.0,1,2,1,5,1,1,1,3,1,1,0,0,2,1,1,2,1,1,1
4,28,1733.0,117,terminated,2,0,0,2,1733.0,1,4,1,9,2,2,1,5,2,2,0,0,4,2,2,4,2,2,2
4,29,716.0,124,terminated,2,1,1,2,716.0,0,4,0,8,2,2,0,4,2,2,0,0,4,2,2,4,2,2,2
4,30,1750.0,100,terminated,2,0,0,2,1750.0,1,4,1,9,2,2,1,5,2,2,0,0,4,2,2,4,2,2,2
4,31,1769.0,81,terminated,2,0,0,2,1769.0,1,4,1,9,2,2,1,5,2,2,0,0,4,2,2,4,2,2,2
4,32,1554.0,96,terminated,1,0,0,2,1554.0,1,3,1,7,1,2,1,4,1,2,0,0,3,1,2,3,1,2,2
4,33,1511.0,139,terminated,1,0,0,2,1511.0,1,2,1,6,1,2,1,4,1,2,0,0,3,1,2,3,1,2,2
4,34,1539.0,111,terminated,2,0,0,1,1539.0,1,3,0,6,2,1,0,3,2,1,0,0,3,2,1,3,2,1,1
4,35,1760.0,90,terminated,2,0,0,2,1760.0,1,4,0,8,2,2,0,4,2,2,0,0,4,2,2,4,2,2,2
4,36,278.0,82,terminated,0,9,1,2,278.0,0,2,1,5,0,2,1,3,0,2,0,0,2,0,2,2,0,2,2
4,37,150.0,300,truncated,1,30,0,0,150.0,0,1,1,3,1,0,1,2,1,0,0,0,1,1,0,1,1,0,0
4,38,1679.0,171,terminated,2,0,0,2,1679.0,1,4,1,9,2,2,1,5,2,2,0,0,4,2,2,4,2,2,2
4,39,1482.0,168,terminated,1,0,0,2,1482.0,1,3,1,7,1,2,1,4,1,2,0,1,4,1,2,3,1,2,2
4,40,1517.0,133,terminated,2,0,0,1,1517.0,1,3,1,7,2,1,1,4,2,1,0,0,3,2,1,3,2,1,1
4,41,1745.0,105,terminated,2,0,0,2,1745.0,1,4,1,9,2,2,1,5,2,2,0,0,4,2,2,4,2,2,2
4,42,1719.0,131,terminated,2,0,0,2,1719.0,1,4,0,8,2,2,0,4,2,2,0,0,4,2,2,4,2,2,2
4,43,1552.0,98,terminated,2,0,0,1,1552.0,1,3,1,7,2,1,1,4,2,1,1,1,4,2,1,3,2,1,1
4,44,1498.0,152,terminated,1,0,0,2,1498.0,1,3,1,7,1,2,1,4,1,2,0,0,3,1,2,3,1,2,2
4,45,1743.0,107,terminated,2,0,0,2,1743.0,1,4,1,9,2,2,1,5,2,2,0,0,4,2,2,4,2,2,2
4,46,1547.0,103,terminated,2,0,0,1,1547.0,1,3,1,7,2,1,1,4,2,1,0,0,3,2,1,3,2,1,1
4,47,1454.0,196,terminated,1,0,0,2,1454.0,1,3,1,7,1,2,1,4,1,2,0,0,3,1,2,3,1,2,2
4,48,721.0,89,terminated,2,4,1,2,721.0,0,4,1,9,2,2,1,5,2,2,0,0,4,2,2,4,2,2,2
4,49,1357.0,93,terminated,0,0,0,2,1357.0,1,2,1,5,0,2,1,3,0,2,0,2,4,0,2,2,0,2,2
4,50,1531.0,119,terminated,1,0,0,2,1531.0,1,3,1,7,1,2,1,4,1,2,0,0,3,1,2,3,1,2,2
4,51,1558.0,92,terminated,2,0,0,1,1558.0,1,3,1,7,2,1,1,4,2,1,0,0,3,2,1,3,2,1,1
4,52,657.0,113,terminated,2,8,1,2,657.0,0,4,1,9,2,2,1,5,2,2,0,1,5,2,2,4,2,2,2
4,53,40.0,30,terminated,1,38,1,1,40.0,0,1,1,4,1,1,1,3,1,1,0,0,2,1,1,2,1,1,1
4,54,1553.0,97,terminated,1,0,0,2,1553.0,1,3,0,6,1,2,0,3,1,2,0,1,4,1,2,3,1,2,2
4,55,1736.0,114,terminated,2,0,0,2,1736.0,1,4,1,9,2,2,1,5,2,2,0,0,4,2,2,4,2,2,2
4,56,150.0,300,truncated,1,30,0,0,150.0,0,1,1,3,1,0,1,2,1,0,0,0,1,1,0,1,1,0,0
4,57,-7.0,37,terminated,1,42,1,1,-7.0,0,2,0,4,1,1,0,2,1,1,0,0,2,1,1,2,1,1,1
4,58,1341.0,109,terminated,1,0,0,1,1341.0,1,2,1,5,1,1,1,3,1,1,2,0,2,1,1,2,1,1,1
4,59,-98.0,48,terminated,1,30,1,0,-98.0,0,1,1,3,1,0,1,2,1,0,0,0,1,1,0,1,1,0,0
4,60,1685.0,165,terminated,2,0,0,2,1685.0,1,3,1,8,2,2,1,5,2,2,0,0,4,2,2,4,2,2,2
4,61,605.0,85,terminated,2,16,1,2,605.0,0,4,1,9,2,2,1,5,2,2,0,0,4,2,2,4,2,2,2
4,62,1536.0,114,terminated,1,0,0,2,1536.0,1,3,1,7,1,2,1,4,1,2,0,0,3,1,2,3,1,2,2
4,63,1753.0,97,terminated,2,0,0,2,1753.0,1,4,1,9,2,2,1,5,2,2,0,0,4,2,2,4,2,2,2
4,64,1543.0,107,terminated,2,0,0,1,1543.0,1,2,1,6,2,1,1,4,2,1,0,0,3,2,1,3,2,1,1
4,65,1164.0,86,terminated,0,0,0,1,1164.0,1,1,1,3,0,1,1,2,0,1,0,0,1,0,1,1,0,1,1
4,66,1767.0,83,terminated,2,0,0,2,1767.0,1,4,0,8,2,2,0,4,2,2,0,0,4,2,2,4,2,2,2
4,67,441.0,59,terminated,1,15,1,2,441.0,0,3,0,6,1,2,0,3,1,2,0,0,3,1,2,3,1,2,2
4,68,1536.0,114,terminated,2,0,0,1,1536.0,1,3,1,7,2,1,1,4,2,1,0,0,3,2,1,3,2,1,1
4,69,444.0,86,terminated,1,12,1,2,444.0,0,3,1,7,1,2,1,4,1,2,0,1,4,1,2,3,1,2,2
4,70,1311.0,139,terminated,0,0,0,2,1311.0,1,2,1,5,0,2,1,3,0,2,0,1,3,0,2,2,0,2,2
4,71,8.0,82,terminated,1,16,1,0,8.0,0,1,1,3,1,0,1,2,1,0,0,0,1,1,0,1,1,0,0
4,72,148.0,42,terminated,1,26,1,1,148.0,0,1,1,4,1,1,1,3,1,1,0,0,2,1,1,2,1,1,1
4,73,1451.0,199,terminated,1,0,0,2,1451.0,1,3,1,7,1,2,1,4,1,2,0,0,3,1,2,3,1,2,2
4,74,1325.0,125,terminated,0,0,0,2,1325.0,1,2,0,4,0,2,0,2,0,2,0,0,2,0,2,2,0,2,2
4,75,34.0,36,terminated,1,38,1,1,34.0,0,2,1,5,1,1,1,3,1,1,0,0,2,1,1,2,1,1,1
4,76,1766.0,84,terminated,2,0,0,2,1766.0,1,3,1,8,2,2,1,5,2,2,0,1,5,2,2,4,2,2,2
4,77,1713.0,137,terminated,2,0,0,2,1713.0,1,3,1,8,2,2,1,5,2,2,0,0,4,2,2,4,2,2,2
4,78,1352.0,98,terminated,0,0,0,2,1352.0,1,2,1,5,0,2,1,3,0,2,0,0,2,0,2,2,0,2,2
4,79,1524.0,126,terminated,2,0,0,1,1524.0,1,3,1,7,2,1,1,4,2,1,0,0,3,2,1,3,2,1,1
4,80,1570.0,80,terminated,2,0,0,1,1570.0,1,3,1,7,2,1,1,4,2,1,0,0,3,2,1,3,2,1,1
4,81,1610.0,240,terminated,2,0,0,2,1610.0,1,4,1,9,2,2,1,5,2,2,0,1,5,2,2,4,2,2,2
4,82,-238.0,188,terminated,0,30,1,1,-238.0,0,1,1,3,0,1,1,2,0,1,0,0,1,0,1,1,0,1,1
4,83,1744.0,106,terminated,2,0,0,2,1744.0,1,4,1,9,2,2,1,5,2,2,0,0,4,2,2,4,2,2,2
4,84,1551.0,99,terminated,2,0,0,1,1551.0,1,3,1,7,2,1,1,4,2,1,0,0,3,2,1,3,2,1,1
4,85,457.0,73,terminated,1,12,1,2,457.0,0,3,1,7,1,2,1,4,1,2,0,0,3,1,2,3,1,2,2
4,86,-261.0,221,terminated,1,29,1,0,-261.0,0,1,1,3,1,0,1,2,1,0,0,0,1,1,0,1,1,0,0
4,87,1495.0,155,terminated,2,0,0,1,1495.0,1,3,1,7,2,1,1,4,2,1,0,0,3,2,1,3,2,1,1
4,88,1324.0,126,terminated,1,0,0,1,1324.0,1,2,1,5,1,1,1,3,1,1,0,0,2,1,1,2,1,1,1
4,89,1360.0,90,terminated,0,0,0,2,1360.0,1,2,1,5,0,2,1,3,0,2,0,1,3,0,2,2,0,2,2
4,90,1346.0,104,terminated,1,0,0,1,1346.0,1,2,1,5,1,1,1,3,1,1,0,0,2,1,1,2,1,1,1
4,91,1548.0,102,terminated,2,0,0,1,1548.0,1,3,1,7,2,1,1,4,2,1,0,0,3,2,1,3,2,1,1
4,92,1757.0,93,terminated,2,0,0,2,1757.0,1,4,1,9,2,2,1,5,2,2,0,0,4,2,2,4,2,2,2
4,93,160.0,300,truncated,1,29,0,0,160.0,0,1,1,3,1,0,1,2,1,0,0,0,1,1,0,1,1,0,0
4,94,1350.0,100,terminated,2,0,0,0,1350.0,1,2,1,5,2,0,1,3,2,0,0,0,2,2,0,2,2,0,0
4,95,1366.0,84,terminated,1,0,0,1,1366.0,1,2,1,5,1,1,1,3,1,1,0,0,2,1,1,2,1,1,1
4,96,-108.0,108,terminated,1,25,1,0,-108.0,0,1,1,3,1,0,1,2,1,0,9,0,1,1,0,1,1,0,0
4,97,1752.0,98,terminated,2,0,0,2,1752.0,1,4,1,9,2,2,1,5,2,2,0,0,4,2,2,4,2,2,2
4,98,-379.0,149,terminated,0,28,1,0,-379.0,0,0,1,1,0,0,1,1,0,0,0,0,0,0,0,0,0,0,0
4,99,683.0,97,terminated,2,7,1,2,683.0,0,4,0,8,2,2,0,4,2,2,0,0,4,2,2,4,2,2,2
4,100,1348.0,102,terminated,1,0,0,1,1348.0,1,1,1,4,1,1,1,3,1,1,0,0,2,1,1,2,1,1,1
4,101,-347.0,127,terminated,0,27,1,0,-347.0,0,0,1,1,0,0,1,1,0,0,2,1,1,0,0,0,0,0,0
4,102,350.0,80,terminated,1,22,1,2,350.0,0,3,1,7,1,2,1,4,1,2,0,0,3,1,2,3,1,2,2
4,103,150.0,300,truncated,1,30,0,0,150.0,0,1,1,3,1,0,1,2,1,0,0,0,1,1,0,1,1,0,0
4,104,1755.0,95,terminated,2,0,0,2,1755.0,1,4,1,9,2,2,1,5,2,2,0,0,4,2,2,4,2,2,2
4,105,-150.0,120,terminated,0,28,1,1,-150.0,0,1,1,3,0,1,1,2,0,1,0,0,1,0,1,1,0,1,1
4,106,1326.0,124,terminated,1,0,0,1,1326.0,1,2,1,5,1,1,1,3,1,1,0,0,2,1,1,2,1,1,1
4,107,1733.0,117,terminated,2,0,0,2,1733.0,1,4,1,9,2,2,1,5,2,2,0,0,4,2,2,4,2,2,2
4,108,1726.0,124,terminated,2,0,0,2,1726.0,1,4,1,9,2,2,1,5,2,2,0,2,6,2,2,4,2,2,2
4,109,1739.0,111,terminated,2,0,0,2,1739.0,1,4,1,9,2,2,1,5,2,2,0,0,4,2,2,4,2,2,2
4,110,1505.0,145,terminated,2,0,0,1,1505.0,1,3,1,7,2,1,1,4,2,1,0,0,3,2,1,3,2,1,1
4,111,170.0,300,truncated,1,28,0,0,170.0,0,1,1,3,1,0,1,2,1,0,0,0,1,1,0,1,1,0,0
4,112,1531.0,119,terminated,1,0,0,2,1531.0,1,3,1,7,1,2,1,4,1,2,0,0,3,1,2,3,1,2,2
4,113,-245.0,215,terminated,0,28,1,1,-245.0,0,1,1,3,0,1,1,2,0,1,0,1,2,0,1,1,0,1,1
4,114,1558.0,92,terminated,1,0,0,2,1558.0,1,1,1,5,1,2,1,4,1,2,0,0,3,1,2,3,1,2,2
4,115,1755.0,95,terminated,2,0,0,2,1755.0,1,4,1,9,2,2,1,5,2,2,0,0,4,2,2,4,2,2,2
4,116,-360.0,130,terminated,0,28,1,0,-360.0,0,0,1,1,0,0,1,1,0,0,0,0,0,0,0,0,0,0,0
4,117,1368.0,82,terminated,1,0,0,1,1368.0,1,2,1,5,1,1,1,3,1,1,0,0,2,1,1,2,1,1,1
4,118,1715.0,135,terminated,2,0,0,2,1715.0,1,4,1,9,2,2,1,5,2,2,0,0,4,2,2,4,2,2,2
4,119,1559.0,91,terminated,1,0,0,2,1559.0,1,3,1,7,1,2,1,4,1,2,0,0,3,1,2,3,1,2,2
4,120,-144.0,94,terminated,1,30,1,0,-144.0,0,1,1,3,1,0,1,2,1,0,0,0,1,1,0,1,1,0,0
4,121,-30.0,300,truncated,0,28,0,0,-30.0,0,0,1,1,0,0,1,1,0,0,0,0,0,0,0,0,0,0,0
4,122,1558.0,92,terminated,2,0,0,1,1558.0,1,2,1,6,2,1,1,4,2,1,0,0,3,2,1,3,2,1,1
4,123,1561.0,89,terminated,2,0,0,1,1561.0,1,3,1,7,2,1,1,4,2,1,0,0,3,2,1,3,2,1,1
4,124,635.0,135,terminated,2,8,1,2,635.0,0,4,1,9,2,2,1,5,2,2,0,1,5,2,2,4,2,2,2
4,125,1741.0,109,terminated,2,0,0,2,1741.0,1,4,1,9,2,2,1,5,2,2,0,0,4,2,2,4,2,2,2
4,126,160.0,300,truncated,1,29,0,0,160.0,0,1,1,3,1,0,1,2,1,0,0,0,1,1,0,1,1,0,0
4,127,-352.0,282,terminated,1,32,1,0,-352.0,0,1,1,3,1,0,1,2,1,0,0,0,1,1,0,1,1,0,0
4,128,180.0,300,truncated,1,27,0,0,180.0,0,1,1,3,1,0,1,2,1,0,1,0,1,1,0,1,1,0,0
4,129,-510.0,240,terminated,0,32,1,0,-510.0,0,0,2,2,0,0,2,2,0,0,0,0,0,0,0,0,0,0,0
4,130,1763.0,87,terminated,2,0,0,2,1763.0,1,3,1,8,2,2,1,5,2,2,0,0,4,2,2,4,2,2,2
4,131,1549.0,101,terminated,2,0,0,1,1549.0,1,3,1,7,2,1,1,4,2,1,0,0,3,2,1,3,2,1,1
4,132,1492.0,158,terminated,1,0,0,2,1492.0,1,3,1,7,1,2,1,4,1,2,0,0,3,1,2,3,1,2,2
4,133,1325.0,125,terminated,0,0,0,2,1325.0,1,2,1,5,0,2,1,3,0,2,0,0,2,0,2,2,0,2,2
4,134,1539.0,111,terminated,2,0,0,1,1539.0,1,3,1,7,2,1,1,4,2,1,0,0,3,2,1,3,2,1,1
4,135,1748.0,102,terminated,2,0,0,2,1748.0,1,4,0,8,2,2,0,4,2,2,0,0,4,2,2,4,2,2,2
4,136,1725.0,125,terminated,2,0,0,2,1725.0,1,4,1,9,2,2,1,5,2,2,0,0,4,2,2,4,2,2,2
4,137,1753.0,97,terminated,2,0,0,2,1753.0,1,4,1,9,2,2,1,5,2,2,0,0,4,2,2,4,2,2,2
4,138,1524.0,126,terminated,2,0,0,1,1524.0,1,3,0,6,2,1,0,3,2,1,0,1,4,2,1,3,2,1,1
4,139,1351.0,99,terminated,2,0,0,0,1351.0,1,2,1,5,2,0,1,3,2,0,0,0,2,2,0,2,2,0,0
4,140,1355.0,95,terminated,1,0,0,1,1355.0,1,1,1,4,1,1,1,3,1,1,0,0,2,1,1,2,1,1,1
4,141,1547.0,103,terminated,2,0,0,1,1547.0,1,3,1,7,2,1,1,4,2,1,0,0,3,2,1,3,2,1,1
4,142,1727.0,123,terminated,2,0,0,2,1727.0,1,3,1,8,2,2,1,5,2,2,0,1,5,2,2,4,2,2,2
4,143,1750.0,100,terminated,2,0,0,2,1750.0,1,4,1,9,2,2,1,5,2,2,0,0,4,2,2,4,2,2,2
4,144,1702.0,148,terminated,2,0,0,2,1702.0,1,4,1,9,2,2,1,5,2,2,2,0,4,2,2,4,2,2,2
4,145,1525.0,125,terminated,1,0,0,2,1525.0,1,3,1,7,1,2,1,4,1,2,0,0,3,1,2,3,1,2,2
4,146,-224.0,164,terminated,1,31,1,0,-224.0,0,1,1,3,1,0,1,2,1,0,0,0,1,1,0,1,1,0,0
4,147,1543.0,107,terminated,2,0,0,1,1543.0,1,3,1,7,2,1,1,4,2,1,0,0,3,2,1,3,2,1,1
4,148,1527.0,123,terminated,2,0,0,1,1527.0,1,3,1,7,2,1,1,4,2,1,0,0,3,2,1,3,2,1,1
4,149,-247.0,187,terminated,1,31,1,0,-247.0,0,1,1,3,1,0,1,2,1,0,0,0,1,1,0,1,1,0,0
4,150,1737.0,113,terminated,2,0,0,2,1737.0,1,4,1,9,2,2,1,5,2,2,0,0,4,2,2,4,2,2,2
4,151,1357.0,93,terminated,1,0,0,1,1357.0,1,2,1,5,1,1,1,3,1,1,0,0,2,1,1,2,1,1,1
4,152,529.0,91,terminated,2,3,1,1,529.0,0,3,1,7,2,1,1,4,2,1,0,0,3,2,1,3,2,1,1
4,153,-188.0,158,terminated,0,28,1,1,-188.0,0,1,1,3,0,1,1,2,0,1,0,0,1,0,1,1,0,1,1
4,154,1758.0,92,terminated,2,0,0,2,1758.0,1,4,1,9,2,2,1,5,2,2,0,0,4,2,2,4,2,2,2
4,155,1709.0,141,terminated,2,0,0,2,1709.0,1,4,1,9,2,2,1,5,2,2,0,1,5,2,2,4,2,2,2
4,156,-170.0,130,terminated,0,29,1,1,-170.0,0,1,1,3,0,1,1,2,0,1,0,0,1,0,1,1,0,1,1
4,157,1660.0,190,terminated,2,0,0,2,1660.0,1,4,1,9,2,2,1,5,2,2,0,0,4,2,2,4,2,2,2
4,158,1377.0,73,terminated,1,0,0,1,1377.0,1,2,1,5,1,1,1,3,1,1,0,0,2,1,1,2,1,1,1
4,159,1586.0,264,terminated,2,0,0,2,1586.0,1,4,1,9,2,2,1,5,2,2,0,0,4,2,2,4,2,2,2
4,160,1374.0,76,terminated,1,0,0,1,1374.0,1,2,1,5,1,1,1,3,1,1,0,0,2,1,1,2,1,1,1
4,161,-68.0,38,terminated,0,28,1,1,-68.0,0,1,1,3,0,1,1,2,0,1,0,0,1,0,1,1,0,1,1
4,162,1580.0,70,terminated,2,0,0,1,1580.0,1,2,1,6,2,1,1,4,2,1,0,0,3,2,1,3,2,1,1
4,163,1559.0,91,terminated,1,0,0,2,1559.0,1,3,1,7,1,2,1,4,1,2,2,0,3,1,2,3,1,2,2
4,164,-60.0,300,truncated,0,31,0,0,-60.0,0,0,1,1,0,0,1,1,0,0,0,0,0,0,0,0,0,0,0
4,165,-165.0,45,terminated,1,37,1,0,-165.0,0,1,1,3,1,0,1,2,1,0,0,0,1,1,0,1,1,0,0
4,166,724.0,106,terminated,2,2,1,2,724.0,0,4,1,9,2,2,1,5,2,2,0,1,5,2,2,4,2,2,2
4,167,1550.0,100,terminated,1,0,0,2,1550.0,1,3,1,7,1,2,1,4,1,2,0,0,3,1,2,3,1,2,2
4,168,1523.0,127,terminated,1,0,0,2,1523.0,1,3,1,7,1,2,1,4,1,2,0,0,3,1,2,3,1,2,2
4,169,1557.0,93,terminated,2,0,0,1,1557.0,1,3,0,6,2,1,0,3,2,1,0,0,3,2,1,3,2,1,1
4,170,-30.0,300,truncated,0,28,0,0,-30.0,0,0,1,1,0,0,1,1,0,0,0,0,0,0,0,0,0,0,0
4,171,1540.0,110,terminated,1,0,0,2,1540.0,1,3,1,7,1,2,1,4,1,2,0,0,3,1,2,3,1,2,2
4,172,1754.0,96,terminated,2,0,0,2,1754.0,1,4,1,9,2,2,1,5,2,2,0,0,4,2,2,4,2,2,2
4,173,1344.0,106,terminated,0,0,0,2,1344.0,1,2,1,5,0,2,1,3,0,2,0,0,2,0,2,2,0,2,2
4,174,1547.0,103,terminated,2,0,0,1,1547.0,1,3,1,7,2,1,1,4,2,1,0,0,3,2,1,3,2,1,1
4,175,1549.0,101,terminated,2,0,0,1,1549.0,1,3,0,6,2,1,0,3,2,1,0,0,3,2,1,3,2,1,1
4,176,-471.0,241,terminated,0,28,1,0,-471.0,0,0,1,1,0,0,1,1,0,0,0,0,0,0,0,0,0,0,0
4,177,1755.0,95,terminated,2,0,0,2,1755.0,1,4,1,9,2,2,1,5,2,2,0,0,4,2,2,4,2,2,2
4,178,1353.0,97,terminated,1,0,0,1,1353.0,1,1,1,4,1,1,1,3,1,1,0,0,2,1,1,2,1,1,1
4,179,481.0,69,terminated,1,10,1,2,481.0,0,3,1,7,1,2,1,4,1,2,0,0,3,1,2,3,1,2,2
4,180,1766.0,84,terminated,2,0,0,2,1766.0,1,3,1,8,2,2,1,5,2,2,0,0,4,2,2,4,2,2,2
4,181,1736.0,114,terminated,2,0,0,2,1736.0,1,4,1,9,2,2,1,5,2,2,1,0,4,2,2,4,2,2,2
4,182,1756.0,94,terminated,2,0,0,2,1756.0,1,4,1,9,2,2,1,5,2,2,0,0,4,2,2,4,2,2,2
4,183,1752.0,98,terminated,2,0,0,2,1752.0,1,4,1,9,2,2,1,5,2,2,2,0,4,2,2,4,2,2,2
4,184,1523.0,127,terminated,1,0,0,2,1523.0,1,3,1,7,1,2,1,4,1,2,0,0,3,1,2,3,1,2,2
4,185,1347.0,103,terminated,1,0,0,1,1347.0,1,2,1,5,1,1,1,3,1,1,0,0,2,1,1,2,1,1,1
4,186,150.0,300,truncated,0,30,0,1,150.0,0,1,1,3,0,1,1,2,0,1,0,0,1,0,1,1,0,1,1
4,187,180.0,300,truncated,1,27,0,0,180.0,0,1,1,3,1,0,1,2,1,0,1,0,1,1,0,1,1,0,0
4,188,1736.0,114,terminated,2,0,0,2,1736.0,1,4,0,8,2,2,0,4,2,2,0,0,4,2,2,4,2,2,2
4,189,-313.0,43,terminated,0,32,1,0,-313.0,0,0,1,1,0,0,1,1,0,0,0,0,0,0,0,0,0,0,0
4,190,1495.0,155,terminated,1,0,0,2,1495.0,1,3,1,7,1,2,1,4,1,2,0,0,3,1,2,3,1,2,2
4,191,526.0,74,terminated,1,5,1,2,526.0,0,3,1,7,1,2,1,4,1,2,0,0,3,1,2,3,1,2,2
4,192,1549.0,101,terminated,2,0,0,1,1549.0,1,3,1,7,2,1,1,4,2,1,0,0,3,2,1,3,2,1,1
4,193,-11.0,91,terminated,1,17,1,0,-11.0,0,1,1,3,1,0,1,2,1,0,0,2,3,1,0,1,1,0,0
4,194,1559.0,91,terminated,2,0,0,1,1559.0,1,2,1,6,2,1,1,4,2,1,0,0,3,2,1,3,2,1,1
4,195,1758.0,92,terminated,2,0,0,2,1758.0,1,4,0,8,2,2,0,4,2,2,0,0,4,2,2,4,2,2,2
4,196,1329.0,121,terminated,1,0,0,1,1329.0,1,2,1,5,1,1,1,3,1,1,0,0,2,1,1,2,1,1,1
4,197,1557.0,93,terminated,2,0,0,1,1557.0,1,3,0,6,2,1,0,3,2,1,0,0,3,2,1,3,2,1,1
4,198,-89.0,49,terminated,0,29,1,1,-89.0,0,1,1,3,0,1,1,2,0,1,0,1,2,0,1,1,0,1,1
4,199,1347.0,103,terminated,1,0,0,1,1347.0,1,2,1,5,1,1,1,3,1,1,0,0,2,1,1,2,1,1,1
4,200,1552.0,98,terminated,1,0,0,2,1552.0,1,3,1,7,1,2,1,4,1,2,0,1,4,1,2,3,1,2,2
4,201,-348.0,118,terminated,0,28,1,0,-348.0,0,0,1,1,0,0,1,1,0,0,0,0,0,0,0,0,0,0,0
4,202,529.0,71,terminated,2,5,1,1,529.0,0,3,0,6,2,1,0,3,2,1,0,0,3,2,1,3,2,1,1
4,203,1501.0,149,terminated,2,0,0,1,1501.0,1,3,1,7,2,1,1,4,2,1,5,0,3,2,1,3,2,1,1
4,204,1760.0,90,terminated,2,0,0,2,1760.0,1,4,1,9,2,2,1,5,2,2,0,0,4,2,2,4,2,2,2
4,205,1751.0,99,terminated,2,0,0,2,1751.0,1,4,1,9,2,2,1,5,2,2,0,0,4,2,2,4,2,2,2
4,206,40.0,30,terminated,1,38,1,1,40.0,0,1,1,4,1,1,1,3,1,1,0,0,2,1,1,2,1,1,1
4,207,-511.0,271,terminated,0,29,1,0,-511.0,0,0,2,2,0,0,2,2,0,0,0,0,0,0,0,0,0,0,0
4,208,-332.0,32,terminated,0,35,1,0,-332.0,0,0,1,1,0,0,1,1,0,0,0,0,0,0,0,0,0,0,0
4,209,-400.0,20,terminated,0,43,1,0,-400.0,0,0,1,1,0,0,1,1,0,0,0,0,0,0,0,0,0,0,0
4,210,-324.0,54,terminated,0,32,1,0,-324.0,0,0,1,1,0,0,1,1,0,0,0,0,0,0,0,0,0,0,0
4,211,-423.0,173,terminated,0,30,1,0,-423.0,0,0,1,1,0,0,1,1,0,0,0,0,0,0,0,0,0,0,0
4,212,1751.0,99,terminated,2,0,0,2,1751.0,1,4,1,9,2,2,1,5,2,2,0,0,4,2,2,4,2,2,2
4,213,-70.0,300,truncated,0,32,0,0,-70.0,0,0,1,1,0,0,1,1,0,0,0,0,0,0,0,0,0,0,0
4,214,676.0,74,terminated,2,10,1,2,676.0,0,4,1,9,2,2,1,5,2,2,0,0,4,2,2,4,2,2,2
4,215,1345.0,105,terminated,1,0,0,1,1345.0,1,2,1,5,1,1,1,3,1,1,0,0,2,1,1,2,1,1,1
4,216,292.0,78,terminated,2,8,1,0,292.0,0,2,1,5,2,0,1,3,2,0,0,0,2,2,0,2,2,0,0
4,217,-422.0,152,terminated,0,32,1,0,-422.0,0,0,1,1,0,0,1,1,0,0,0,0,0,0,0,0,0,0,0
4,218,1751.0,99,terminated,2,0,0,2,1751.0,1,4,1,9,2,2,1,5,2,2,0,0,4,2,2,4,2,2,2
4,219,-115.0,45,terminated,0,32,1,1,-115.0,0,1,1,3,0,1,1,2,0,1,0,0,1,0,1,1,0,1,1
4,220,1678.0,172,terminated,2,0,0,2,1678.0,1,4,1,9,2,2,1,5,2,2,0,0,4,2,2,4,2,2,2
4,221,-208.0,148,terminated,1,31,1,0,-208.0,0,1,1,3,1,0,1,2,1,0,0,0,1,1,0,1,1,0,0
4,222,-337.0,277,terminated,1,31,1,0,-337.0,0,1,1,3,1,0,1,2,1,0,0,0,1,1,0,1,1,0,0
4,223,-467.0,237,terminated,0,28,1,0,-467.0,0,0,1,1,0,0,1,1,0,0,0,0,0,0,0,0,0,0,0
4,224,1769.0,81,terminated,2,0,0,2,1769.0,1,3,1,8,2,2,1,5,2,2,0,0,4,2,2,4,2,2,2
4,225,1370.0,80,terminated,1,0,0,1,1370.0,1,2,1,5,1,1,1,3,1,1,0,0,2,1,1,2,1,1,1
4,226,1348.0,102,terminated,2,0,0,0,1348.0,1,2,1,5,2,0,1,3,2,0,0,0,2,2,0,2,2,0,0
4,227,-117.0,67,terminated,1,30,1,0,-117.0,0,1,1,3,1,0,1,2,1,0,0,0,1,1,0,1,1,0,0
4,228,1746.0,104,terminated,2,0,0,2,1746.0,1,4,1,9,2,2,1,5,2,2,0,1,5,2,2,4,2,2,2
4,229,145.0,55,terminated,1,25,1,1,145.0,0,2,1,5,1,1,1,3,1,1,0,1,3,1,1,2,1,1,1
4,230,1510.0,140,terminated,1,0,0,2,1510.0,1,2,1,6,1,2,1,4,1,2,0,1,4,1,2,3,1,2,2
4,231,1681.0,169,terminated,2,0,0,2,1681.0,1,3,1,8,2,2,1,5,2,2,1,0,4,2,2,4,2,2,2
4,232,-30.0,300,truncated,0,28,0,0,-30.0,0,0,1,1,0,0,1,1,0,0,0,0,0,0,0,0,0,0,0
4,233,1750.0,100,terminated,2,0,0,2,1750.0,1,4,1,9,2,2,1,5,2,2,0,0,4,2,2,4,2,2,2
4,234,1457.0,193,terminated,2,0,0,1,1457.0,1,3,1,7,2,1,1,4,2,1,0,0,3,2,1,3,2,1,1
4,235,1550.0,100,terminated,1,0,0,2,1550.0,1,3,1,7,1,2,1,4,1,2,0,0,3,1,2,3,1,2,2
4,236,-49.0,49,terminated,1,25,1,0,-49.0,0,1,1,3,1,0,1,2,1,0,0,0,1,1,0,1,1,0,0
4,237,-434.0,184,terminated,0,30,1,0,-434.0,0,0,1,1,0,0,1,1,0,0,0,0,0,0,0,0,0,0,0
4,238,335.0,105,terminated,1,1,1,1,335.0,0,2,1,5,1,1,1,3,1,1,0,0,2,1,1,2,1,1,1
4,239,-592.0,262,terminated,0,38,1,0,-592.0,0,0,1,1,0,0,1,1,0,0,0,0,0,0,0,0,0,0,0
4,240,46.0,24,terminated,1,38,1,1,46.0,0,2,1,5,1,1,1,3,1,1,0,0,2,1,1,2,1,1,1
4,241,1715.0,135,terminated,2,0,0,2,1715.0,1,4,1,9,2,2,1,5,2,2,0,0,4,2,2,4,2,2,2
4,242,1354.0,96,terminated,1,0,0,1,1354.0,1,2,0,4,1,1,0,2,1,1,0,1,3,1,1,2,1,1,1
4,243,460.0,120,terminated,2,7,1,1,460.0,0,3,0,6,2,1,0,3,2,1,0,0,3,2,1,3,2,1,1
4,244,-104.0,34,terminated,1,32,1,0,-104.0,0,1,1,3,1,0,1,2,1,0,0,0,1,1,0,1,1,0,0
4,245,1757.0,93,terminated,2,0,0,2,1757.0,1,4,0,8,2,2,0,4,2,2,0,0,4,2,2,4,2,2,2
4,246,1769.0,81,terminated,2,0,0,2,1769.0,1,4,1,9,2,2,1,5,2,2,0,0,4,2,2,4,2,2,2
4,247,1558.0,92,terminated,2,0,0,1,1558.0,1,3,0,6,2,1,0,3,2,1,0,0,3,2,1,3,2,1,1
4,248,1130.0,120,terminated,1,0,0,0,1130.0,1,1,1,3,1,0,1,2,1,0,0,0,1,1,0,1,1,0,0
4,249,1523.0,127,terminated,1,0,0,2,1523.0,1,3,1,7,1,2,1,4,1,2,0,0,3,1,2,3,1,2,2
4,250,1755.0,95,terminated,2,0,0,2,1755.0,1,4,1,9,2,2,1,5,2,2,0,0,4,2,2,4,2,2,2
4,251,1695.0,155,terminated,2,0,0,2,1695.0,1,4,1,9,2,2,1,5,2,2,0,0,4,2,2,4,2,2,2
4,252,-295.0,65,terminated,0,28,1,0,-295.0,0,0,1,1,0,0,1,1,0,0,0,0,0,0,0,0,0,0,0
4,253,1336.0,114,terminated,1,0,0,1,1336.0,1,2,1,5,1,1,1,3,1,1,11,0,2,1,1,2,1,1,1
4,254,-169.0,29,terminated,0,39,1,1,-169.0,0,1,1,3,0,1,1,2,0,1,0,0,1,0,1,1,0,1,1
4,255,1341.0,109,terminated,2,0,0,0,1341.0,1,2,1,5,2,0,1,3,2,0,0,0,2,2,0,2,2,0,0
4,256,1536.0,114,terminated,1,0,0,2,1536.0,1,3,1,7,1,2,1,4,1,2,0,1,4,1,2,3,1,2,2
4,257,-154.0,114,terminated,0,29,1,1,-154.0,0,1,1,3,0,1,1,2,0,1,0,0,1,0,1,1,0,1,1
4,258,428.0,122,terminated,2,10,1,1,428.0,0,3,1,7,2,1,1,4,2,1,0,1,4,2,1,3,2,1,1
4,259,707.0,133,terminated,2,1,1,2,707.0,0,4,1,9,2,2,1,5,2,2,0,0,4,2,2,4,2,2,2
4,260,-70.0,300,truncated,0,32,0,0,-70.0,0,0,1,1,0,0,1,1,0,0,0,0,0,0,0,0,0,0,0
4,261,160.0,300,truncated,0,29,0,1,160.0,0,1,1,3,0,1,1,2,0,1,0,0,1,0,1,1,0,1,1
4,262,1337.0,113,terminated,1,0,0,1,1337.0,1,2,1,5,1,1,1,3,1,1,0,0,2,1,1,2,1,1,1
4,263,140.0,300,truncated,1,31,0,0,140.0,0,1,1,3,1,0,1,2,1,0,0,0,1,1,0,1,1,0,0
4,264,1480.0,170,terminated,2,0,0,1,1480.0,1,3,1,7,2,1,1,4,2,1,0,0,3,2,1,3,2,1,1
4,265,1747.0,103,terminated,2,0,0,2,1747.0,1,4,0,8,2,2,0,4,2,2,0,0,4,2,2,4,2,2,2
4,266,1715.0,135,terminated,2,0,0,2,1715.0,1,4,1,9,2,2,1,5,2,2,0,0,4,2,2,4,2,2,2
4,267,462.0,88,terminated,1,10,1,2,462.0,0,2,1,6,1,2,1,4,1,2,0,0,3,1,2,3,1,2,2
4,268,1712.0,138,terminated,2,0,0,2,1712.0,1,4,0,8,2,2,0,4,2,2,0,0,4,2,2,4,2,2,2
4,269,-148.0,88,terminated,0,31,1,1,-148.0,0,1,1,3,0,1,1,2,0,1,0,0,1,0,1,1,0,1,1
4,270,1761.0,89,terminated,2,0,0,2,1761.0,1,4,1,9,2,2,1,5,2,2,0,0,4,2,2,4,2,2,2
4,271,1558.0,92,terminated,1,0,0,2,1558.0,1,3,1,7,1,2,1,4,1,2,0,0,3,1,2,3,1,2,2
4,272,1540.0,110,terminated,1,0,0,2,1540.0,1,3,1,7,1,2,1,4,1,2,0,0,3,1,2,3,1,2,2
4,273,1770.0,80,terminated,2,0,0,2,1770.0,1,4,1,9,2,2,1,5,2,2,0,0,4,2,2,4,2,2,2
4,274,1543.0,107,terminated,2,0,0,1,1543.0,1,3,1,7,2,1,1,4,2,1,0,0,3,2,1,3,2,1,1
4,275,1548.0,102,terminated,1,0,0,2,1548.0,1,3,1,7,1,2,1,4,1,2,0,0,3,1,2,3,1,2,2
4,276,104.0,36,terminated,1,31,1,1,104.0,0,1,1,4,1,1,1,3,1,1,0,0,2,1,1,2,1,1,1
4,277,170.0,300,truncated,0,28,0,1,170.0,0,1,1,3,0,1,1,2,0,1,0,0,1,0,1,1,0,1,1
4,278,-167.0,117,terminated,1,30,1,0,-167.0,0,1,1,3,1,0,1,2,1,0,0,0,1,1,0,1,1,0,0
4,279,-448.0,148,terminated,0,35,1,0,-448.0,0,0,1,1,0,0,1,1,0,0,0,0,0,0,0,0,0,0,0
4,280,1569.0,81,terminated,1,0,0,2,1569.0,1,3,1,7,1,2,1,4,1,2,0,0,3,1,2,3,1,2,2
4,281,1358.0,92,terminated,1,0,0,1,1358.0,1,2,1,5,1,1,1,3,1,1,0,0,2,1,1,2,1,1,1
4,282,1739.0,111,terminated,2,0,0,2,1739.0,1,4,0,8,2,2,0,4,2,2,0,0,4,2,2,4,2,2,2
4,283,1366.0,84,terminated,1,0,0,1,1366.0,1,2,1,5,1,1,1,3,1,1,0,0,2,1,1,2,1,1,1
4,284,-36.0,56,terminated,0,23,1,1,-36.0,0,1,1,3,0,1,1,2,0,1,0,1,2,0,1,1,0,1,1
4,285,1330.0,120,terminated,1,0,0,1,1330.0,1,2,1,5,1,1,1,3,1,1,0,0,2,1,1,2,1,1,1
4,286,1549.0,101,terminated,1,0,0,2,1549.0,1,3,1,7,1,2,1,4,1,2,0,0,3,1,2,3,1,2,2
4,287,1326.0,124,terminated,1,0,0,1,1326.0,1,2,1,5,1,1,1,3,1,1,1,0,2,1,1,2,1,1,1
4,288,1538.0,112,terminated,2,0,0,1,1538.0,1,2,1,6,2,1,1,4,2,1,0,0,3,2,1,3,2,1,1
4,289,1555.0,95,terminated,2,0,0,1,1555.0,1,3,1,7,2,1,1,4,2,1,0,1,4,2,1,3,2,1,1
4,290,-501.0,271,terminated,0,28,1,0,-501.0,0,0,2,2,0,0,2,2,0,0,0,0,0,0,0,0,0,0,0
4,291,1744.0,106,terminated,2,0,0,2,1744.0,1,4,1,9,2,2,1,5,2,2,0,0,4,2,2,4,2,2,2
4,292,1722.0,128,terminated,2,0,0,2,1722.0,1,4,1,9,2,2,1,5,2,2,0,0,4,2,2,4,2,2,2
4,293,-123.0,83,terminated,0,29,1,1,-123.0,0,1,1,3,0,1,1,2,0,1,0,0,1,0,1,1,0,1,1
4,294,1751.0,99,terminated,2,0,0,2,1751.0,1,4,1,9,2,2,1,5,2,2,0,0,4,2,2,4,2,2,2
4,295,-299.0,29,terminated,0,32,1,0,-299.0,0,0,1,1,0,0,1,1,0,0,0,0,0,0,0,0,0,0,0
4,296,636.0,64,terminated,2,15,1,2,636.0,0,3,1,8,2,2,1,5,2,2,0,0,4,2,2,4,2,2,2
4,297,1569.0,81,terminated,1,0,0,2,1569.0,1,3,1,7,1,2,1,4,1,2,0,0,3,1,2,3,1,2,2
4,298,-30.0,300,truncated,0,28,0,0,-30.0,0,0,1,1,0,0,1,1,0,0,1,0,0,0,0,0,0,0,0
4,299,1541.0,109,terminated,1,0,0,2,1541.0,1,3,1,7,1,2,1,4,1,2,0,0,3,1,2,3,1,2,2
4,300,1756.0,94,terminated,2,0,0,2,1756.0,1,4,1,9,2,2,1,5,2,2,0,0,4,2,2,4,2,2,2
4,301,1565.0,85,terminated,2,0,0,1,1565.0,1,3,0,6,2,1,0,3,2,1,0,0,3,2,1,3,2,1,1
4,302,1680.0,170,terminated,2,0,0,2,1680.0,1,4,1,9,2,2,1,5,2,2,0,0,4,2,2,4,2,2,2
4,303,1526.0,124,terminated,2,0,0,1,1526.0,1,3,0,6,2,1,0,3,2,1,0,0,3,2,1,3,2,1,1
4,304,-370.0,150,terminated,0,27,1,0,-370.0,0,0,1,1,0,0,1,1,0,0,6,0,0,0,0,0,0,0,0
4,305,4.0,36,terminated,1,41,1,1,4.0,0,1,0,3,1,1,0,2,1,1,0,6,8,1,1,2,1,1,1
4,306,1732.0,118,terminated,2,0,0,2,1732.0,1,4,0,8,2,2,0,4,2,2,0,0,4,2,2,4,2,2,2
4,307,1311.0,139,terminated,1,0,0,1,1311.0,1,2,0,4,1,1,0,2,1,1,0,0,2,1,1,2,1,1,1
4,308,1335.0,115,terminated,1,0,0,1,1335.0,1,2,1,5,1,1,1,3,1,1,1,0,2,1,1,2,1,1,1
4,309,-484.0,254,terminated,0,28,1,0,-484.0,0,0,1,1,0,0,1,1,0,0,0,0,0,0,0,0,0,0,0
4,310,503.0,107,terminated,2,4,1,1,503.0,0,3,1,7,2,1,1,4,2,1,0,0,3,2,1,3,2,1,1
4,311,1556.0,94,terminated,1,0,0,2,1556.0,1,2,1,6,1,2,1,4,1,2,0,0,3,1,2,3,1,2,2
4,312,1549.0,101,terminated,2,0,0,1,1549.0,1,3,1,7,2,1,1,4,2,1,0,0,3,2,1,3,2,1,1
4,313,1719.0,131,terminated,2,0,0,2,1719.0,1,3,1,8,2,2,1,5,2,2,2,0,4,2,2,4,2,2,2
4,314,1557.0,93,terminated,1,0,0,2,1557.0,1,3,1,7,1,2,1,4,1,2,0,0,3,1,2,3,1,2,2
4,315,561.0,59,terminated,2,23,1,2,561.0,0,3,1,8,2,2,1,5,2,2,0,0,4,2,2,4,2,2,2
4,316,1745.0,105,terminated,2,0,0,2,1745.0,1,4,1,9,2,2,1,5,2,2,0,0,4,2,2,4,2,2,2
4,317,1732.0,118,terminated,2,0,0,2,1732.0,1,4,1,9,2,2,1,5,2,2,0,0,4,2,2,4,2,2,2
4,318,1742.0,108,terminated,2,0,0,2,1742.0,1,4,1,9,2,2,1,5,2,2,0,0,4,2,2,4,2,2,2
4,319,-232.0,192,terminated,0,29,1,1,-232.0,0,1,1,3,0,1,1,2,0,1,0,0,1,0,1,1,0,1,1
4,320,1760.0,90,terminated,2,0,0,2,1760.0,1,4,1,9,2,2,1,5,2,2,0,0,4,2,2,4,2,2,2
4,321,1748.0,102,terminated,2,0,0,2,1748.0,1,4,1,9,2,2,1,5,2,2,0,0,4,2,2,4,2,2,2
4,322,1529.0,121,terminated,1,0,0,2,1529.0,1,3,1,7,1,2,1,4,1,2,0,1,4,1,2,3,1,2,2
4,323,479.0,101,terminated,2,7,1,1,479.0,0,3,1,7,2,1,1,4,2,1,0,0,3,2,1,3,2,1,1
4,324,21.0,59,terminated,1,17,1,0,21.0,0,1,1,3,1,0,1,2,1,0,0,0,1,1,0,1,1,0,0
4,325,1538.0,112,terminated,2,0,0,1,1538.0,1,3,1,7,2,1,1,4,2,1,0,0,3,2,1,3,2,1,1
4,326,224.0,106,terminated,1,12,1,1,224.0,0,2,1,5,1,1,1,3,1,1,0,0,2,1,1,2,1,1,1
4,327,1332.0,118,terminated,1,0,0,1,1332.0,1,2,1,5,1,1,1,3,1,1,0,0,2,1,1,2,1,1,1
4,328,1712.0,138,terminated,2,0,0,2,1712.0,1,4,1,9,2,2,1,5,2,2,0,0,4,2,2,4,2,2,2
4,329,1565.0,85,terminated,1,0,0,2,1565.0,1,3,1,7,1,2,1,4,1,2,0,0,3,1,2,3,1,2,2
4,330,-175.0,25,terminated,0,40,1,1,-175.0,0,1,1,3,0,1,1,2,0,1,0,0,1,0,1,1,0,1,1
4,331,1525.0,125,terminated,1,0,0,2,1525.0,1,3,1,7,1,2,1,4,1,2,0,0,3,1,2,3,1,2,2
4,332,1754.0,96,terminated,2,0,0,2,1754.0,1,4,1,9,2,2,1,5,2,2,0,0,4,2,2,4,2,2,2
4,333,-189.0,149,terminated,1,29,1,0,-189.0,0,1,1,3,1,0,1,2,1,0,0,0,1,1,0,1,1,0,0
4,334,1511.0,139,terminated,1,0,0,2,1511.0,1,3,1,7,1,2,1,4,1,2,0,0,3,1,2,3,1,2,2
4,335,1723.0,127,terminated,2,0,0,2,1723.0,1,4,1,9,2,2,1,5,2,2,0,0,4,2,2,4,2,2,2
4,336,1540.0,110,terminated,2,0,0,1,1540.0,1,3,1,7,2,1,1,4,2,1,0,0,3,2,1,3,2,1,1
4,337,1336.0,114,terminated,1,0,0,1,1336.0,1,2,1,5,1,1,1,3,1,1,0,0,2,1,1,2,1,1,1
4,338,-424.0,194,terminated,0,28,1,0,-424.0,0,0,1,1,0,0,1,1,0,0,0,0,0,0,0,0,0,0,0
4,339,1565.0,85,terminated,1,0,0,2,1565.0,1,3,1,7,1,2,1,4,1,2,0,0,3,1,2,3,1,2,2
4,340,1491.0,159,terminated,2,0,0,1,1491.0,1,3,1,7,2,1,1,4,2,1,0,0,3,2,1,3,2,1,1
4,341,1560.0,90,terminated,1,0,0,2,1560.0,1,3,1,7,1,2,1,4,1,2,0,0,3,1,2,3,1,2,2
4,342,1352.0,98,terminated,1,0,0,1,1352.0,1,2,1,5,1,1,1,3,1,1,0,0,2,1,1,2,1,1,1
4,343,1463.0,187,terminated,2,0,0,1,1463.0,1,3,1,7,2,1,1,4,2,1,0,0,3,2,1,3,2,1,1
4,344,1551.0,99,terminated,2,0,0,1,1551.0,1,3,0,6,2,1,0,3,2,1,0,3,6,2,1,3,2,1,1
4,345,-70.0,300,truncated,0,32,0,0,-70.0,0,0,1,1,0,0,1,1,0,0,0,0,0,0,0,0,0,0,0
4,346,1344.0,106,terminated,1,0,0,1,1344.0,1,2,1,5,1,1,1,3,1,1,0,0,2,1,1,2,1,1,1
4,347,1554.0,96,terminated,1,0,0,2,1554.0,1,3,1,7,1,2,1,4,1,2,0,0,3,1,2,3,1,2,2
4,348,-324.0,54,terminated,0,32,1,0,-324.0,0,0,1,1,0,0,1,1,0,0,0,0,0,0,0,0,0,0,0
4,349,503.0,117,terminated,2,3,1,1,503.0,0,3,1,7,2,1,1,4,2,1,0,0,3,2,1,3,2,1,1
4,350,-70.0,300,truncated,0,32,0,0,-70.0,0,0,1,1,0,0,1,1,0,0,0,0,0,0,0,0,0,0,0
4,351,1701.0,149,terminated,2,0,0,2,1701.0,1,4,1,9,2,2,1,5,2,2,0,0,4,2,2,4,2,2,2
4,352,-50.0,300,truncated,0,30,0,0,-50.0,0,0,1,1,0,0,1,1,0,0,0,0,0,0,0,0,0,0,0
4,353,1324.0,126,terminated,1,0,0,1,1324.0,1,2,1,5,1,1,1,3,1,1,0,0,2,1,1,2,1,1,1
4,354,1534.0,116,terminated,1,0,0,2,1534.0,1,2,1,6,1,2,1,4,1,2,0,0,3,1,2,3,1,2,2
4,355,1518.0,132,terminated,1,0,0,2,1518.0,1,3,0,6,1,2,0,3,1,2,0,3,6,1,2,3,1,2,2
4,356,160.0,300,truncated,1,29,0,0,160.0,0,1,1,3,1,0,1,2,1,0,0,0,1,1,0,1,1,0,0
4,357,1735.0,115,terminated,2,0,0,2,1735.0,1,4,0,8,2,2,0,4,2,2,0,0,4,2,2,4,2,2,2
4,358,1370.0,80,terminated,1,0,0,1,1370.0,1,2,1,5,1,1,1,3,1,1,0,0,2,1,1,2,1,1,1
4,359,1553.0,97,terminated,2,0,0,1,1553.0,1,2,1,6,2,1,1,4,2,1,0,0,3,2,1,3,2,1,1
4,360,1551.0,99,terminated,2,0,0,1,1551.0,1,3,1,7,2,1,1,4,2,1,0,0,3,2,1,3,2,1,1
4,361,150.0,300,truncated,1,30,0,0,150.0,0,1,1,3,1,0,1,2,1,0,0,0,1,1,0,1,1,0,0
4,362,1555.0,95,terminated,2,0,0,1,1555.0,1,3,1,7,2,1,1,4,2,1,0,0,3,2,1,3,2,1,1
4,363,1548.0,102,terminated,1,0,0,2,1548.0,1,3,1,7,1,2,1,4,1,2,0,1,4,1,2,3,1,2,2
4,364,1712.0,138,terminated,2,0,0,2,1712.0,1,3,1,8,2,2,1,5,2,2,0,0,4,2,2,4,2,2,2
4,365,1524.0,126,terminated,2,0,0,1,1524.0,1,3,1,7,2,1,1,4,2,1,0,0,3,2,1,3,2,1,1
4,366,1360.0,90,terminated,2,0,0,0,1360.0,1,2,1,5,2,0,1,3,2,0,0,0,2,2,0,2,2,0,0
4,367,1570.0,80,terminated,1,0,0,2,1570.0,1,3,0,6,1,2,0,3,1,2,0,0,3,1,2,3,1,2,2
4,368,1751.0,99,terminated,2,0,0,2,1751.0,1,4,0,8,2,2,0,4,2,2,0,0,4,2,2,4,2,2,2
4,369,1707.0,143,terminated,2,0,0,2,1707.0,1,4,1,9,2,2,1,5,2,2,0,0,4,2,2,4,2,2,2
4,370,620.0,70,terminated,2,16,1,2,620.0,0,2,1,7,2,2,1,5,2,2,0,0,4,2,2,4,2,2,2
4,371,1565.0,85,terminated,1,0,0,2,1565.0,1,3,1,7,1,2,1,4,1,2,0,0,3,1,2,3,1,2,2
4,372,1557.0,93,terminated,2,0,0,1,1557.0,1,3,1,7,2,1,1,4,2,1,0,0,3,2,1,3,2,1,1
4,373,1362.0,88,terminated,1,0,0,1,1362.0,1,2,1,5,1,1,1,3,1,1,0,0,2,1,1,2,1,1,1
4,374,1366.0,84,terminated,1,0,0,1,1366.0,1,2,1,5,1,1,1,3,1,1,0,0,2,1,1,2,1,1,1
4,375,170.0,300,truncated,0,28,0,1,170.0,0,1,1,3,0,1,1,2,0,1,0,0,1,0,1,1,0,1,1
4,376,1759.0,91,terminated,2,0,0,2,1759.0,1,4,0,8,2,2,0,4,2,2,0,0,4,2,2,4,2,2,2
4,377,1544.0,106,terminated,1,0,0,2,1544.0,1,3,1,7,1,2,1,4,1,2,0,0,3,1,2,3,1,2,2
4,378,1726.0,124,terminated,2,0,0,2,1726.0,1,4,1,9,2,2,1,5,2,2,0,0,4,2,2,4,2,2,2
4,379,1503.0,147,terminated,2,0,0,1,1503.0,1,3,1,7,2,1,1,4,2,1,0,0,3,2,1,3,2,1,1
4,380,1743.0,107,terminated,2,0,0,2,1743.0,1,4,1,9,2,2,1,5,2,2,0,0,4,2,2,4,2,2,2
4,381,160.0,300,truncated,1,29,0,0,160.0,0,1,1,3,1,0,1,2,1,0,0,0,1,1,0,1,1,0,0
4,382,-161.0,131,terminated,1,28,1,0,-161.0,0,1,1,3,1,0,1,2,1,0,0,0,1,1,0,1,1,0,0
4,383,1371.0,79,terminated,1,0,0,1,1371.0,1,2,1,5,1,1,1,3,1,1,0,0,2,1,1,2,1,1,1
4,384,170.0,300,truncated,1,28,0,0,170.0,0,0,1,2,1,0,1,2,1,0,0,0,1,1,0,1,1,0,0
4,385,1723.0,127,terminated,2,0,0,2,1723.0,1,4,0,8,2,2,0,4,2,2,0,0,4,2,2,4,2,2,2
4,386,-414.0,184,terminated,0,28,1,0,-414.0,0,0,1,1,0,0,1,1,0,0,0,0,0,0,0,0,0,0,0
4,387,1771.0,79,terminated,2,0,0,2,1771.0,1,4,0,8,2,2,0,4,2,2,0,0,4,2,2,4,2,2,2
4,388,1553.0,97,terminated,1,0,0,2,1553.0,1,3,1,7,1,2,1,4,1,2,0,0,3,1,2,3,1,2,2
4,389,1685.0,165,terminated,2,0,0,2,1685.0,1,4,1,9,2,2,1,5,2,2,0,0,4,2,2,4,2,2,2
4,390,714.0,106,terminated,2,3,1,2,714.0,0,4,1,9,2,2,1,5,2,2,0,0,4,2,2,4,2,2,2
4,391,1533.0,117,terminated,1,0,0,2,1533.0,1,3,1,7,1,2,1,4,1,2,0,0,3,1,2,3,1,2,2
4,392,160.0,300,truncated,1,29,0,0,160.0,0,1,1,3,1,0,1,2,1,0,0,0,1,1,0,1,1,0,0
4,393,1743.0,107,terminated,2,0,0,2,1743.0,1,3,1,8,2,2,1,5,2,2,0,0,4,2,2,4,2,2,2
4,394,1510.0,140,terminated,1,0,0,2,1510.0,1,3,1,7,1,2,1,4,1,2,0,1,4,1,2,3,1,2,2
4,395,686.0,104,terminated,2,6,1,2,686.0,0,4,1,9,2,2,1,5,2,2,0,0,4,2,2,4,2,2,2
4,396,730.0,110,terminated,2,1,1,2,730.0,0,4,0,8,2,2,0,4,2,2,0,0,4,2,2,4,2,2,2
4,397,1336.0,114,terminated,2,0,0,0,1336.0,1,2,1,5,2,0,1,3,2,0,0,0,2,2,0,2,2,0,0
4,398,620.0,80,terminated,2,15,1,2,620.0,0,4,1,9,2,2,1,5,2,2,0,0,4,2,2,4,2,2,2
4,399,119.0,41,terminated,1,29,1,1,119.0,0,1,1,4,1,1,1,3,1,1,0,0,2,1,1,2,1,1,1
4,400,180.0,300,truncated,1,27,0,0,180.0,0,1,1,3,1,0,1,2,1,0,1,1,2,1,0,1,1,0,0
4,401,1746.0,104,terminated,2,0,0,2,1746.0,1,4,0,8,2,2,0,4,2,2,0,0,4,2,2,4,2,2,2
4,402,-318.0,288,terminated,1,28,1,0,-318.0,0,1,1,3,1,0,1,2,1,0,0,0,1,1,0,1,1,0,0
4,403,1562.0,88,terminated,2,0,0,1,1562.0,1,3,1,7,2,1,1,4,2,1,0,0,3,2,1,3,2,1,1
4,404,1742.0,108,terminated,2,0,0,2,1742.0,1,4,1,9,2,2,1,5,2,2,0,0,4,2,2,4,2,2,2
4,405,1559.0,91,terminated,2,0,0,1,1559.0,1,3,1,7,2,1,1,4,2,1,0,0,3,2,1,3,2,1,1
4,406,1358.0,92,terminated,0,0,0,2,1358.0,1,2,0,4,0,2,0,2,0,2,0,0,2,0,2,2,0,2,2
4,407,1540.0,110,terminated,2,0,0,1,1540.0,1,2,1,6,2,1,1,4,2,1,0,0,3,2,1,3,2,1,1
4,408,-107.0,77,terminated,1,28,1,0,-107.0,0,1,1,3,1,0,1,2,1,0,0,0,1,1,0,1,1,0,0
4,409,1559.0,91,terminated,2,0,0,1,1559.0,1,2,1,6,2,1,1,4,2,1,0,0,3,2,1,3,2,1,1
4,410,1351.0,99,terminated,0,0,0,2,1351.0,1,2,1,5,0,2,1,3,0,2,0,0,2,0,2,2,0,2,2
4,411,1708.0,142,terminated,2,0,0,2,1708.0,1,4,1,9,2,2,1,5,2,2,0,0,4,2,2,4,2,2,2
4,412,130.0,300,truncated,0,32,0,1,130.0,0,1,1,3,0,1,1,2,0,1,0,0,1,0,1,1,0,1,1
4,413,1501.0,149,terminated,1,0,0,2,1501.0,1,3,1,7,1,2,1,4,1,2,0,0,3,1,2,3,1,2,2
4,414,653.0,77,terminated,2,12,1,2,653.0,0,4,0,8,2,2,0,4,2,2,0,0,4,2,2,4,2,2,2
4,415,150.0,300,truncated,0,30,0,1,150.0,0,1,1,3,0,1,1,2,0,1,0,0,1,0,1,1,0,1,1
4,416,1339.0,111,terminated,1,0,0,1,1339.0,1,2,1,5,1,1,1,3,1,1,0,1,3,1,1,2,1,1,1
4,417,1559.0,91,terminated,2,0,0,1,1559.0,1,3,1,7,2,1,1,4,2,1,0,0,3,2,1,3,2,1,1
4,418,140.0,300,truncated,0,31,0,1,140.0,0,1,1,3,0,1,1,2,0,1,0,0,1,0,1,1,0,1,1
4,419,1529.0,121,terminated,1,0,0,2,1529.0,1,2,1,6,1,2,1,4,1,2,0,0,3,1,2,3,1,2,2
4,420,1646.0,204,terminated,2,0,0,2,1646.0,1,4,1,9,2,2,1,5,2,2,0,0,4,2,2,4,2,2,2
4,421,1561.0,89,terminated,2,0,0,1,1561.0,1,3,1,7,2,1,1,4,2,1,0,0,3,2,1,3,2,1,1
4,422,1729.0,121,terminated,2,0,0,2,1729.0,1,4,1,9,2,2,1,5,2,2,0,0,4,2,2,4,2,2,2
4,423,1567.0,83,terminated,2,0,0,1,1567.0,1,2,1,6,2,1,1,4,2,1,0,0,3,2,1,3,2,1,1
4,424,180.0,300,truncated,0,27,0,1,180.0,0,1,1,3,0,1,1,2,0,1,1,0,1,0,1,1,0,1,1
4,425,1581.0,69,terminated,2,0,0,1,1581.0,1,3,1,7,2,1,1,4,2,1,0,0,3,2,1,3,2,1,1
4,426,1771.0,79,terminated,2,0,0,2,1771.0,1,4,1,9,2,2,1,5,2,2,0,0,4,2,2,4,2,2,2
4,427,1337.0,113,terminated,0,0,0,2,1337.0,1,1,1,4,0,2,1,3,0,2,0,0,2,0,2,2,0,2,2
4,428,1519.0,131,terminated,1,0,0,2,1519.0,1,2,1,6,1,2,1,4,1,2,0,0,3,1,2,3,1,2,2
4,429,1568.0,82,terminated,2,0,0,1,1568.0,1,3,1,7,2,1,1,4,2,1,0,0,3,2,1,3,2,1,1
4,430,1548.0,102,terminated,2,0,0,1,1548.0,1,3,1,7,2,1,1,4,2,1,0,1,4,2,1,3,2,1,1
4,431,150.0,300,truncated,1,30,0,0,150.0,0,1,1,3,1,0,1,2,1,0,0,0,1,1,0,1,1,0,0
4,432,1747.0,103,terminated,2,0,0,2,1747.0,1,4,1,9,2,2,1,5,2,2,0,0,4,2,2,4,2,2,2
4,433,-425.0,175,terminated,0,30,1,0,-425.0,0,0,1,1,0,0,1,1,0,0,0,0,0,0,0,0,0,0,0
4,434,1549.0,101,terminated,2,0,0,1,1549.0,1,3,1,7,2,1,1,4,2,1,0,0,3,2,1,3,2,1,1
4,435,1712.0,138,terminated,2,0,0,2,1712.0,1,4,1,9,2,2,1,5,2,2,0,0,4,2,2,4,2,2,2
4,436,653.0,67,terminated,2,13,1,2,653.0,0,3,1,8,2,2,1,5,2,2,0,0,4,2,2,4,2,2,2
4,437,1559.0,91,terminated,2,0,0,1,1559.0,1,3,0,6,2,1,0,3,2,1,0,0,3,2,1,3,2,1,1
4,438,1314.0,136,terminated,1,0,0,1,1314.0,1,2,1,5,1,1,1,3,1,1,0,0,2,1,1,2,1,1,1
4,439,-403.0,13,terminated,0,44,1,0,-403.0,0,0,1,1,0,0,1,1,0,0,0,0,0,0,0,0,0,0,0
4,440,1507.0,143,terminated,1,0,0,2,1507.0,1,3,1,7,1,2,1,4,1,2,0,0,3,1,2,3,1,2,2
4,441,1518.0,132,terminated,2,0,0,1,1518.0,1,3,1,7,2,1,1,4,2,1,0,0,3,2,1,3,2,1,1
4,442,-153.0,103,terminated,1,30,1,0,-153.0,0,1,1,3,1,0,1,2,1,0,0,0,1,1,0,1,1,0,0
4,443,1540.0,110,terminated,2,0,0,1,1540.0,1,3,0,6,2,1,0,3,2,1,0,0,3,2,1,3,2,1,1
4,444,1572.0,78,terminated,1,0,0,2,1572.0,1,3,1,7,1,2,1,4,1,2,0,0,3,1,2,3,1,2,2
4,445,1476.0,174,terminated,2,0,0,1,1476.0,1,3,1,7,2,1,1,4,2,1,0,0,3,2,1,3,2,1,1
4,446,1562.0,88,terminated,2,0,0,1,1562.0,1,3,1,7,2,1,1,4,2,1,0,0,3,2,1,3,2,1,1
4,447,1703.0,147,terminated,2,0,0,2,1703.0,1,4,1,9,2,2,1,5,2,2,0,0,4,2,2,4,2,2,2
4,448,-423.0,173,terminated,0,30,1,0,-423.0,0,0,1,1,0,0,1,1,0,0,0,0,0,0,0,0,0,0,0
4,449,1338.0,112,terminated,1,0,0,1,1338.0,1,2,0,4,1,1,0,2,1,1,0,0,2,1,1,2,1,1,1
4,450,1735.0,115,terminated,2,0,0,2,1735.0,1,4,1,9,2,2,1,5,2,2,0,0,4,2,2,4,2,2,2
4,451,1324.0,126,terminated,1,0,0,1,1324.0,1,2,0,4,1,1,0,2,1,1,0,0,2,1,1,2,1,1,1
4,452,1530.0,120,terminated,1,0,0,2,1530.0,1,3,1,7,1,2,1,4,1,2,0,0,3,1,2,3,1,2,2
4,453,-130.0,300,truncated,0,38,0,0,-130.0,0,0,0,0,0,0,0,0,0,0,0,0,0,0,0,0,0,0,0
4,454,1527.0,123,terminated,2,0,0,1,1527.0,1,2,1,6,2,1,1,4,2,1,0,0,3,2,1,3,2,1,1
4,455,1739.0,111,terminated,2,0,0,2,1739.0,1,4,1,9,2,2,1,5,2,2,0,0,4,2,2,4,2,2,2
4,456,20.0,40,terminated,1,39,1,1,20.0,0,2,0,4,1,1,0,2,1,1,0,0,2,1,1,2,1,1,1
4,457,424.0,86,terminated,1,14,1,2,424.0,0,2,1,6,1,2,1,4,1,2,0,0,3,1,2,3,1,2,2
4,458,1711.0,139,terminated,2,0,0,2,1711.0,1,4,1,9,2,2,1,5,2,2,0,0,4,2,2,4,2,2,2
4,459,1558.0,92,terminated,2,0,0,1,1558.0,1,3,0,6,2,1,0,3,2,1,0,0,3,2,1,3,2,1,1
4,460,1709.0,141,terminated,2,0,0,2,1709.0,1,3,1,8,2,2,1,5,2,2,0,0,4,2,2,4,2,2,2
4,461,1538.0,112,terminated,1,0,0,2,1538.0,1,3,1,7,1,2,1,4,1,2,0,1,4,1,2,3,1,2,2
4,462,1367.0,83,terminated,1,0,0,1,1367.0,1,2,1,5,1,1,1,3,1,1,0,0,2,1,1,2,1,1,1
4,463,1710.0,140,terminated,2,0,0,2,1710.0,1,4,1,9,2,2,1,5,2,2,0,0,4,2,2,4,2,2,2
4,464,-60.0,300,truncated,0,31,0,0,-60.0,0,0,1,1,0,0,1,1,0,0,0,0,0,0,0,0,0,0,0
4,465,170.0,300,truncated,0,28,0,1,170.0,0,1,1,3,0,1,1,2,0,1,0,0,1,0,1,1,0,1,1
4,466,1569.0,81,terminated,2,0,0,1,1569.0,1,3,0,6,2,1,0,3,2,1,0,0,3,2,1,3,2,1,1
4,467,415.0,105,terminated,2,13,1,1,415.0,0,3,1,7,2,1,1,4,2,1,0,2,5,2,1,3,2,1,1
4,468,1705.0,145,terminated,2,0,0,2,1705.0,1,3,1,8,2,2,1,5,2,2,0,0,4,2,2,4,2,2,2
4,469,1554.0,96,terminated,1,0,0,2,1554.0,1,3,0,6,1,2,0,3,1,2,0,3,6,1,2,3,1,2,2
4,470,160.0,300,truncated,1,29,0,0,160.0,0,1,1,3,1,0,1,2,1,0,0,0,1,1,0,1,1,0,0
4,471,1534.0,116,terminated,2,0,0,1,1534.0,1,3,1,7,2,1,1,4,2,1,0,0,3,2,1,3,2,1,1
4,472,-48.0,48,terminated,1,25,1,0,-48.0,0,1,1,3,1,0,1,2,1,0,0,0,1,1,0,1,1,0,0
4,473,744.0,76,terminated,2,3,1,2,744.0,0,3,0,7,2,2,0,4,2,2,0,0,4,2,2,4,2,2,2
4,474,1320.0,130,terminated,1,0,0,1,1320.0,1,2,1,5,1,1,1,3,1,1,0,0,2,1,1,2,1,1,1
4,475,1731.0,119,terminated,2,0,0,2,1731.0,1,4,1,9,2,2,1,5,2,2,0,0,4,2,2,4,2,2,2
4,476,1702.0,148,terminated,2,0,0,2,1702.0,1,4,1,9,2,2,1,5,2,2,0,0,4,2,2,4,2,2,2
4,477,160.0,300,truncated,0,29,0,1,160.0,0,1,1,3,0,1,1,2,0,1,0,0,1,0,1,1,0,1,1
4,478,1663.0,187,terminated,2,0,0,2,1663.0,1,4,0,8,2,2,0,4,2,2,0,0,4,2,2,4,2,2,2
4,479,1746.0,104,terminated,2,0,0,2,1746.0,1,4,0,8,2,2,0,4,2,2,0,0,4,2,2,4,2,2,2
4,480,-314.0,44,terminated,0,32,1,0,-314.0,0,0,1,1,0,0,1,1,0,0,0,0,0,0,0,0,0,0,0
4,481,1558.0,92,terminated,1,0,0,2,1558.0,1,3,1,7,1,2,1,4,1,2,0,0,3,1,2,3,1,2,2
4,482,1548.0,102,terminated,2,0,0,1,1548.0,1,3,0,6,2,1,0,3,2,1,0,0,3,2,1,3,2,1,1
4,483,1735.0,115,terminated,2,0,0,2,1735.0,1,4,1,9,2,2,1,5,2,2,0,0,4,2,2,4,2,2,2
4,484,1696.0,154,terminated,2,0,0,2,1696.0,1,4,1,9,2,2,1,5,2,2,0,0,4,2,2,4,2,2,2
4,485,1305.0,145,terminated,2,0,0,0,1305.0,1,2,1,5,2,0,1,3,2,0,0,0,2,2,0,2,2,0,0
4,486,1537.0,113,terminated,2,0,0,1,1537.0,1,3,1,7,2,1,1,4,2,1,0,0,3,2,1,3,2,1,1
4,487,-373.0,133,terminated,0,29,1,0,-373.0,0,0,1,1,0,0,1,1,0,0,0,0,0,0,0,0,0,0,0
4,488,1541.0,109,terminated,2,0,0,1,1541.0,1,3,1,7,2,1,1,4,2,1,0,0,3,2,1,3,2,1,1
4,489,-483.0,213,terminated,0,32,1,0,-483.0,0,0,1,1,0,0,1,1,0,0,0,0,0,0,0,0,0,0,0
4,490,1547.0,103,terminated,1,0,0,2,1547.0,1,3,0,6,1,2,0,3,1,2,0,0,3,1,2,3,1,2,2
4,491,1333.0,117,terminated,0,0,0,2,1333.0,1,2,1,5,0,2,1,3,0,2,0,0,2,0,2,2,0,2,2
4,492,1732.0,118,terminated,2,0,0,2,1732.0,1,4,1,9,2,2,1,5,2,2,0,0,4,2,2,4,2,2,2
4,493,1751.0,99,terminated,2,0,0,2,1751.0,1,2,1,7,2,2,1,5,2,2,0,0,4,2,2,4,2,2,2
4,494,1335.0,115,terminated,2,0,0,0,1335.0,1,2,1,5,2,0,1,3,2,0,0,0,2,2,0,2,2,0,0
4,495,1370.0,80,terminated,1,0,0,1,1370.0,1,2,1,5,1,1,1,3,1,1,0,0,2,1,1,2,1,1,1
4,496,160.0,300,truncated,0,29,0,1,160.0,0,1,1,3,0,1,1,2,0,1,0,0,1,0,1,1,0,1,1
4,497,1568.0,82,terminated,1,0,0,2,1568.0,1,2,1,6,1,2,1,4,1,2,0,0,3,1,2,3,1,2,2
4,498,721.0,89,terminated,2,4,1,2,721.0,0,4,0,8,2,2,0,4,2,2,0,0,4,2,2,4,2,2,2
4,499,-106.0,76,terminated,0,28,1,1,-106.0,0,1,1,3,0,1,1,2,0,1,0,3,4,0,1,1,0,1,1
4,500,1339.0,111,terminated,1,0,0,1,1339.0,1,2,1,5,1,1,1,3,1,1,0,0,2,1,1,2,1,1,1
4,501,1552.0,98,terminated,1,0,0,2,1552.0,1,3,1,7,1,2,1,4,1,2,0,1,4,1,2,3,1,2,2
4,502,-499.0,269,terminated,0,28,1,0,-499.0,0,0,1,1,0,0,1,1,0,0,0,0,0,0,0,0,0,0,0
4,503,-486.0,226,terminated,0,31,1,0,-486.0,0,0,1,1,0,0,1,1,0,0,0,0,0,0,0,0,0,0,0
4,504,1739.0,111,terminated,2,0,0,2,1739.0,1,4,1,9,2,2,1,5,2,2,0,0,4,2,2,4,2,2,2
4,505,1536.0,114,terminated,2,0,0,1,1536.0,1,3,1,7,2,1,1,4,2,1,0,0,3,2,1,3,2,1,1
4,506,1661.0,189,terminated,2,0,0,2,1661.0,1,4,1,9,2,2,1,5,2,2,0,0,4,2,2,4,2,2,2
4,507,1729.0,121,terminated,2,0,0,2,1729.0,1,4,1,9,2,2,1,5,2,2,0,0,4,2,2,4,2,2,2
4,508,84.0,46,terminated,1,32,1,1,84.0,0,1,1,4,1,1,1,3,1,1,0,0,2,1,1,2,1,1,1
4,509,110.0,50,terminated,1,29,1,1,110.0,0,2,1,5,1,1,1,3,1,1,0,0,2,1,1,2,1,1,1
4,510,1551.0,99,terminated,2,0,0,1,1551.0,1,3,1,7,2,1,1,4,2,1,0,0,3,2,1,3,2,1,1
4,511,1564.0,86,terminated,1,0,0,2,1564.0,1,3,1,7,1,2,1,4,1,2,0,0,3,1,2,3,1,2,2
4,512,-269.0,229,terminated,1,29,1,0,-269.0,0,1,1,3,1,0,1,2,1,0,0,0,1,1,0,1,1,0,0
4,513,1536.0,114,terminated,2,0,0,1,1536.0,1,3,1,7,2,1,1,4,2,1,0,0,3,2,1,3,2,1,1
4,514,95.0,45,terminated,1,31,1,1,95.0,0,1,1,4,1,1,1,3,1,1,0,0,2,1,1,2,1,1,1
4,515,1318.0,132,terminated,0,0,0,2,1318.0,1,2,1,5,0,2,1,3,0,2,0,0,2,0,2,2,0,2,2
4,516,1725.0,125,terminated,2,0,0,2,1725.0,1,4,1,9,2,2,1,5,2,2,0,0,4,2,2,4,2,2,2
4,517,1598.0,252,terminated,2,0,0,2,1598.0,1,4,1,9,2,2,1,5,2,2,0,0,4,2,2,4,2,2,2
4,518,1558.0,92,terminated,1,0,0,2,1558.0,1,3,1,7,1,2,1,4,1,2,0,0,3,1,2,3,1,2,2
4,519,1742.0,108,terminated,2,0,0,2,1742.0,1,4,1,9,2,2,1,5,2,2,0,0,4,2,2,4,2,2,2
4,520,1718.0,132,terminated,2,0,0,2,1718.0,1,4,1,9,2,2,1,5,2,2,0,0,4,2,2,4,2,2,2
4,521,1743.0,107,terminated,2,0,0,2,1743.0,1,4,1,9,2,2,1,5,2,2,0,1,5,2,2,4,2,2,2
4,522,1709.0,141,terminated,2,0,0,2,1709.0,1,4,1,9,2,2,1,5,2,2,0,0,4,2,2,4,2,2,2
4,523,85.0,55,terminated,1,31,1,1,85.0,0,2,1,5,1,1,1,3,1,1,0,0,2,1,1,2,1,1,1
4,524,1745.0,105,terminated,2,0,0,2,1745.0,1,4,1,9,2,2,1,5,2,2,0,0,4,2,2,4,2,2,2
4,525,1771.0,79,terminated,2,0,0,2,1771.0,1,4,1,9,2,2,1,5,2,2,0,0,4,2,2,4,2,2,2
4,526,1565.0,85,terminated,2,0,0,1,1565.0,1,3,1,7,2,1,1,4,2,1,0,0,3,2,1,3,2,1,1
4,527,1704.0,146,terminated,2,0,0,2,1704.0,1,4,1,9,2,2,1,5,2,2,5,0,4,2,2,4,2,2,2
4,528,1684.0,166,terminated,2,0,0,2,1684.0,1,4,0,8,2,2,0,4,2,2,0,0,4,2,2,4,2,2,2
4,529,1749.0,101,terminated,2,0,0,2,1749.0,1,4,0,8,2,2,0,4,2,2,0,0,4,2,2,4,2,2,2
4,530,140.0,300,truncated,1,31,0,0,140.0,0,1,1,3,1,0,1,2,1,0,0,0,1,1,0,1,1,0,0
4,531,1676.0,174,terminated,2,0,0,2,1676.0,1,4,1,9,2,2,1,5,2,2,0,0,4,2,2,4,2,2,2
4,532,1506.0,144,terminated,2,0,0,1,1506.0,1,3,1,7,2,1,1,4,2,1,0,0,3,2,1,3,2,1,1
4,533,448.0,102,terminated,2,10,1,1,448.0,0,3,0,6,2,1,0,3,2,1,0,0,3,2,1,3,2,1,1
4,534,1766.0,84,terminated,2,0,0,2,1766.0,1,4,1,9,2,2,1,5,2,2,0,0,4,2,2,4,2,2,2
4,535,1710.0,140,terminated,2,0,0,2,1710.0,1,4,1,9,2,2,1,5,2,2,0,0,4,2,2,4,2,2,2
4,536,1541.0,109,terminated,1,0,0,2,1541.0,1,3,1,7,1,2,1,4,1,2,0,0,3,1,2,3,1,2,2
4,537,1551.0,99,terminated,2,0,0,1,1551.0,1,2,1,6,2,1,1,4,2,1,0,0,3,2,1,3,2,1,1
4,538,1551.0,99,terminated,2,0,0,1,1551.0,1,3,1,7,2,1,1,4,2,1,0,0,3,2,1,3,2,1,1
4,539,1758.0,92,terminated,2,0,0,2,1758.0,1,4,1,9,2,2,1,5,2,2,0,0,4,2,2,4,2,2,2
4,540,170.0,300,truncated,1,28,0,0,170.0,0,1,1,3,1,0,1,2,1,0,0,0,1,1,0,1,1,0,0
4,541,1560.0,90,terminated,2,0,0,1,1560.0,1,3,1,7,2,1,1,4,2,1,0,0,3,2,1,3,2,1,1
4,542,1768.0,82,terminated,2,0,0,2,1768.0,1,3,1,8,2,2,1,5,2,2,0,0,4,2,2,4,2,2,2
4,543,16.0,24,terminated,1,41,1,1,16.0,0,2,0,4,1,1,0,2,1,1,0,0,2,1,1,2,1,1,1
4,544,1739.0,111,terminated,2,0,0,2,1739.0,1,4,1,9,2,2,1,5,2,2,0,0,4,2,2,4,2,2,2
4,545,1740.0,110,terminated,2,0,0,2,1740.0,1,4,1,9,2,2,1,5,2,2,0,0,4,2,2,4,2,2,2
4,546,1734.0,116,terminated,2,0,0,2,1734.0,1,4,1,9,2,2,1,5,2,2,0,0,4,2,2,4,2,2,2
4,547,560.0,80,terminated,1,1,1,2,560.0,0,3,1,7,1,2,1,4,1,2,0,0,3,1,2,3,1,2,2
4,548,1740.0,110,terminated,2,0,0,2,1740.0,1,4,1,9,2,2,1,5,2,2,0,0,4,2,2,4,2,2,2
4,549,1764.0,86,terminated,2,0,0,2,1764.0,1,4,1,9,2,2,1,5,2,2,0,0,4,2,2,4,2,2,2
4,550,-91.0,51,terminated,0,29,1,1,-91.0,0,1,0,2,0,1,0,1,0,1,0,0,1,0,1,1,0,1,1
4,551,1753.0,97,terminated,2,0,0,2,1753.0,1,4,1,9,2,2,1,5,2,2,0,0,4,2,2,4,2,2,2
4,552,1753.0,97,terminated,2,0,0,2,1753.0,1,4,1,9,2,2,1,5,2,2,0,0,4,2,2,4,2,2,2
4,553,1755.0,95,terminated,2,0,0,2,1755.0,1,4,1,9,2,2,1,5,2,2,0,0,4,2,2,4,2,2,2
4,554,1144.0,106,terminated,1,0,0,0,1144.0,1,1,1,3,1,0,1,2,1,0,0,0,1,1,0,1,1,0,0
4,555,-147.0,87,terminated,1,31,1,0,-147.0,0,1,1,3,1,0,1,2,1,0,0,1,2,1,0,1,1,0,0
4,556,1766.0,84,terminated,2,0,0,2,1766.0,1,3,1,8,2,2,1,5,2,2,0,0,4,2,2,4,2,2,2
4,557,1522.0,128,terminated,2,0,0,1,1522.0,1,3,1,7,2,1,1,4,2,1,0,0,3,2,1,3,2,1,1
4,558,1546.0,104,terminated,1,0,0,2,1546.0,1,3,1,7,1,2,1,4,1,2,0,0,3,1,2,3,1,2,2
4,559,1355.0,95,terminated,1,0,0,1,1355.0,1,2,1,5,1,1,1,3,1,1,0,0,2,1,1,2,1,1,1
4,560,1526.0,124,terminated,2,0,0,1,1526.0,1,3,1,7,2,1,1,4,2,1,0,2,5,2,1,3,2,1,1
4,561,1704.0,146,terminated,2,0,0,2,1704.0,1,4,1,9,2,2,1,5,2,2,0,0,4,2,2,4,2,2,2
4,562,590.0,300,truncated,1,6,0,1,590.0,0,2,1,5,1,1,1,3,1,1,0,0,2,1,1,2,1,1,1
4,563,1332.0,118,terminated,2,0,0,0,1332.0,1,2,1,5,2,0,1,3,2,0,0,0,2,2,0,2,2,0,0
4,564,170.0,300,truncated,1,28,0,0,170.0,0,1,1,3,1,0,1,2,1,0,0,0,1,1,0,1,1,0,0
4,565,1742.0,108,terminated,2,0,0,2,1742.0,1,4,1,9,2,2,1,5,2,2,0,0,4,2,2,4,2,2,2
4,566,1297.0,153,terminated,1,0,0,1,1297.0,1,2,1,5,1,1,1,3,1,1,0,0,2,1,1,2,1,1,1
4,567,-526.0,186,terminated,0,39,1,0,-526.0,0,0,1,1,0,0,1,1,0,0,0,0,0,0,0,0,0,0,0
4,568,1527.0,123,terminated,1,0,0,2,1527.0,1,3,1,7,1,2,1,4,1,2,0,0,3,1,2,3,1,2,2
4,569,1133.0,117,terminated,1,0,0,0,1133.0,1,1,1,3,1,0,1,2,1,0,0,0,1,1,0,1,1,0,0
4,570,1270.0,180,terminated,1,0,0,1,1270.0,1,2,0,4,1,1,0,2,1,1,0,0,2,1,1,2,1,1,1
4,571,1520.0,130,terminated,1,0,0,2,1520.0,1,3,1,7,1,2,1,4,1,2,5,0,3,1,2,3,1,2,2
4,572,-295.0,265,terminated,0,28,1,1,-295.0,0,1,1,3,0,1,1,2,0,1,0,0,1,0,1,1,0,1,1
4,573,1700.0,150,terminated,2,0,0,2,1700.0,1,4,1,9,2,2,1,5,2,2,0,0,4,2,2,4,2,2,2
4,574,1317.0,133,terminated,1,0,0,1,1317.0,1,2,1,5,1,1,1,3,1,1,0,0,2,1,1,2,1,1,1
4,575,-413.0,183,terminated,0,28,1,0,-413.0,0,0,1,1,0,0,1,1,0,0,0,0,0,0,0,0,0,0,0
4,576,1714.0,136,terminated,2,0,0,2,1714.0,1,4,1,9,2,2,1,5,2,2,0,0,4,2,2,4,2,2,2
4,577,1748.0,102,terminated,2,0,0,2,1748.0,1,4,1,9,2,2,1,5,2,2,0,0,4,2,2,4,2,2,2
4,578,1344.0,106,terminated,1,0,0,1,1344.0,1,2,1,5,1,1,1,3,1,1,0,0,2,1,1,2,1,1,1
4,579,-413.0,133,terminated,0,33,1,0,-413.0,0,0,1,1,0,0,1,1,0,0,0,0,0,0,0,0,0,0,0
4,580,1344.0,106,terminated,1,0,0,1,1344.0,1,2,1,5,1,1,1,3,1,1,0,0,2,1,1,2,1,1,1
4,581,517.0,53,terminated,2,28,1,2,517.0,0,4,0,8,2,2,0,4,2,2,0,0,4,2,2,4,2,2,2
4,582,1546.0,104,terminated,2,0,0,1,1546.0,1,3,1,7,2,1,1,4,2,1,0,1,4,2,1,3,2,1,1
4,583,1329.0,121,terminated,0,0,0,2,1329.0,1,2,1,5,0,2,1,3,0,2,0,0,2,0,2,2,0,2,2
4,584,-309.0,39,terminated,0,32,1,0,-309.0,0,0,1,1,0,0,1,1,0,0,0,0,0,0,0,0,0,0,0
4,585,1709.0,141,terminated,2,0,0,2,1709.0,1,4,1,9,2,2,1,5,2,2,0,0,4,2,2,4,2,2,2
4,586,170.0,300,truncated,0,28,0,1,170.0,0,1,1,3,0,1,1,2,0,1,0,0,1,0,1,1,0,1,1
4,587,1346.0,104,terminated,1,0,0,1,1346.0,1,2,1,5,1,1,1,3,1,1,0,0,2,1,1,2,1,1,1
4,588,1727.0,123,terminated,2,0,0,2,1727.0,1,4,1,9,2,2,1,5,2,2,0,0,4,2,2,4,2,2,2
4,589,1287.0,163,terminated,1,0,0,1,1287.0,1,2,1,5,1,1,1,3,1,1,0,0,2,1,1,2,1,1,1
4,590,1527.0,123,terminated,2,0,0,1,1527.0,1,3,1,7,2,1,1,4,2,1,0,0,3,2,1,3,2,1,1
4,591,1522.0,128,terminated,2,0,0,1,1522.0,1,3,0,6,2,1,0,3,2,1,0,0,3,2,1,3,2,1,1
4,592,1562.0,88,terminated,1,0,0,2,1562.0,1,3,1,7,1,2,1,4,1,2,0,0,3,1,2,3,1,2,2
4,593,1752.0,98,terminated,2,0,0,2,1752.0,1,4,1,9,2,2,1,5,2,2,0,0,4,2,2,4,2,2,2
4,594,1739.0,111,terminated,2,0,0,2,1739.0,1,3,1,8,2,2,1,5,2,2,0,0,4,2,2,4,2,2,2
4,595,170.0,300,truncated,0,28,0,1,170.0,0,1,1,3,0,1,1,2,0,1,0,0,1,0,1,1,0,1,1
4,596,-70.0,300,truncated,0,32,0,0,-70.0,0,0,1,1,0,0,1,1,0,0,0,0,0,0,0,0,0,0,0
4,597,1696.0,154,terminated,2,0,0,2,1696.0,1,4,0,8,2,2,0,4,2,2,0,0,4,2,2,4,2,2,2
4,598,-70.0,300,truncated,0,32,0,0,-70.0,0,0,1,1,0,0,1,1,0,0,0,0,0,0,0,0,0,0,0
4,599,-279.0,209,terminated,1,32,1,0,-279.0,0,1,1,3,1,0,1,2,1,0,0,0,1,1,0,1,1,0,0
4,600,1339.0,111,terminated,0,0,0,2,1339.0,1,2,1,5,0,2,1,3,0,2,0,0,2,0,2,2,0,2,2
4,601,-557.0,287,terminated,0,32,1,0,-557.0,0,0,2,2,0,0,2,2,0,0,0,0,0,0,0,0,0,0,0
4,602,1533.0,117,terminated,2,0,0,1,1533.0,1,3,0,6,2,1,0,3,2,1,0,0,3,2,1,3,2,1,1
4,603,-70.0,300,truncated,0,32,0,0,-70.0,0,0,1,1,0,0,1,1,0,0,0,0,0,0,0,0,0,0,0
4,604,170.0,300,truncated,1,28,0,0,170.0,0,1,1,3,1,0,1,2,1,0,0,0,1,1,0,1,1,0,0
4,605,1556.0,94,terminated,2,0,0,1,1556.0,1,3,1,7,2,1,1,4,2,1,0,0,3,2,1,3,2,1,1
4,606,1278.0,172,terminated,1,0,0,1,1278.0,1,2,1,5,1,1,1,3,1,1,0,0,2,1,1,2,1,1,1
4,607,1679.0,171,terminated,2,0,0,2,1679.0,1,3,1,8,2,2,1,5,2,2,0,0,4,2,2,4,2,2,2
4,608,1541.0,109,terminated,1,0,0,2,1541.0,1,3,1,7,1,2,1,4,1,2,0,0,3,1,2,3,1,2,2
4,609,1543.0,107,terminated,2,0,0,1,1543.0,1,3,1,7,2,1,1,4,2,1,0,1,4,2,1,3,2,1,1
4,610,1558.0,292,terminated,2,0,0,2,1558.0,1,3,1,8,2,2,1,5,2,2,0,0,4,2,2,4,2,2,2
4,611,1352.0,98,terminated,1,0,0,1,1352.0,1,2,1,5,1,1,1,3,1,1,0,0,2,1,1,2,1,1,1
4,612,471.0,79,terminated,1,10,1,2,471.0,0,3,0,6,1,2,0,3,1,2,0,0,3,1,2,3,1,2,2
4,613,1531.0,119,terminated,1,0,0,2,1531.0,1,3,1,7,1,2,1,4,1,2,0,0,3,1,2,3,1,2,2
4,614,1338.0,112,terminated,1,0,0,1,1338.0,1,2,1,5,1,1,1,3,1,1,0,0,2,1,1,2,1,1,1
4,615,1330.0,120,terminated,1,0,0,1,1330.0,1,2,1,5,1,1,1,3,1,1,0,0,2,1,1,2,1,1,1
4,616,1549.0,101,terminated,1,0,0,2,1549.0,1,2,1,6,1,2,1,4,1,2,0,3,6,1,2,3,1,2,2
4,617,-85.0,45,terminated,0,29,1,1,-85.0,0,1,1,3,0,1,1,2,0,1,0,0,1,0,1,1,0,1,1
4,618,-440.0,210,terminated,0,28,1,0,-440.0,0,0,1,1,0,0,1,1,0,0,0,0,0,0,0,0,0,0,0
4,619,158.0,42,terminated,1,25,1,1,158.0,0,1,0,3,1,1,0,2,1,1,0,0,2,1,1,2,1,1,1
4,620,1539.0,111,terminated,1,0,0,2,1539.0,1,3,1,7,1,2,1,4,1,2,0,0,3,1,2,3,1,2,2
4,621,1518.0,132,terminated,2,0,0,1,1518.0,1,3,1,7,2,1,1,4,2,1,0,0,3,2,1,3,2,1,1
4,622,1712.0,138,terminated,2,0,0,2,1712.0,1,4,1,9,2,2,1,5,2,2,0,0,4,2,2,4,2,2,2
4,623,-453.0,163,terminated,0,34,1,0,-453.0,0,0,1,1,0,0,1,1,0,0,0,0,0,0,0,0,0,0,0
4,624,-186.0,26,terminated,1,41,1,0,-186.0,0,1,1,3,1,0,1,2,1,0,0,0,1,1,0,1,1,0,0
4,625,1759.0,91,terminated,2,0,0,2,1759.0,1,4,0,8,2,2,0,4,2,2,0,0,4,2,2,4,2,2,2
4,626,1371.0,79,terminated,1,0,0,1,1371.0,1,2,1,5,1,1,1,3,1,1,0,0,2,1,1,2,1,1,1
4,627,39.0,31,terminated,1,38,1,1,39.0,0,1,1,4,1,1,1,3,1,1,0,3,5,1,1,2,1,1,1
4,628,-337.0,297,terminated,1,29,1,0,-337.0,0,1,1,3,1,0,1,2,1,0,0,0,1,1,0,1,1,0,0
4,629,-423.0,153,terminated,0,32,1,0,-423.0,0,0,1,1,0,0,1,1,0,0,0,0,0,0,0,0,0,0,0
4,630,1603.0,247,terminated,2,0,0,2,1603.0,1,4,1,9,2,2,1,5,2,2,0,0,4,2,2,4,2,2,2
4,631,1558.0,92,terminated,2,0,0,1,1558.0,1,3,1,7,2,1,1,4,2,1,0,0,3,2,1,3,2,1,1
4,632,84.0,46,terminated,1,32,1,1,84.0,0,2,1,5,1,1,1,3,1,1,0,0,2,1,1,2,1,1,1
4,633,634.0,106,terminated,2,11,1,2,634.0,0,4,1,9,2,2,1,5,2,2,0,0,4,2,2,4,2,2,2
4,634,1335.0,115,terminated,1,0,0,1,1335.0,1,2,1,5,1,1,1,3,1,1,0,0,2,1,1,2,1,1,1
4,635,-40.0,300,truncated,0,29,0,0,-40.0,0,0,1,1,0,0,1,1,0,0,0,0,0,0,0,0,0,0,0
4,636,404.0,146,terminated,1,10,1,2,404.0,0,2,1,6,1,2,1,4,1,2,0,0,3,1,2,3,1,2,2
4,637,693.0,117,terminated,2,4,1,2,693.0,0,4,1,9,2,2,1,5,2,2,0,0,4,2,2,4,2,2,2
4,638,127.0,63,terminated,1,26,1,1,127.0,0,2,1,5,1,1,1,3,1,1,0,0,2,1,1,2,1,1,1
4,639,1514.0,136,terminated,1,0,0,2,1514.0,1,3,1,7,1,2,1,4,1,2,0,0,3,1,2,3,1,2,2
4,640,-324.0,34,terminated,0,34,1,0,-324.0,0,0,1,1,0,0,1,1,0,0,0,0,0,0,0,0,0,0,0
4,641,170.0,300,truncated,0,28,0,1,170.0,0,1,1,3,0,1,1,2,0,1,0,0,1,0,1,1,0,1,1
4,642,1566.0,84,terminated,2,0,0,1,1566.0,1,2,1,6,2,1,1,4,2,1,0,0,3,2,1,3,2,1,1
4,643,-126.0,36,terminated,1,34,1,0,-126.0,0,1,0,2,1,0,0,1,1,0,0,0,1,1,0,1,1,0,0
4,644,1566.0,84,terminated,1,0,0,2,1566.0,1,3,1,7,1,2,1,4,1,2,0,0,3,1,2,3,1,2,2
4,645,1367.0,83,terminated,2,0,0,0,1367.0,1,2,1,5,2,0,1,3,2,0,0,0,2,2,0,2,2,0,0
4,646,1514.0,136,terminated,2,0,0,1,1514.0,1,3,1,7,2,1,1,4,2,1,0,0,3,2,1,3,2,1,1
4,647,-298.0,28,terminated,0,32,1,0,-298.0,0,0,1,1,0,0,1,1,0,0,0,0,0,0,0,0,0,0,0
4,648,1658.0,192,terminated,2,0,0,2,1658.0,1,4,1,9,2,2,1,5,2,2,0,0,4,2,2,4,2,2,2
4,649,-384.0,134,terminated,0,30,1,0,-384.0,0,0,1,1,0,0,1,1,0,0,0,0,0,0,0,0,0,0,0
4,650,-116.0,46,terminated,1,32,1,0,-116.0,0,1,0,2,1,0,0,1,1,0,0,0,1,1,0,1,1,0,0
4,651,-436.0,216,terminated,0,27,1,0,-436.0,0,0,1,1,0,0,1,1,0,0,1,0,0,0,0,0,0,0,0
4,652,1357.0,93,terminated,1,0,0,1,1357.0,1,2,1,5,1,1,1,3,1,1,0,0,2,1,1,2,1,1,1
4,653,1563.0,87,terminated,2,0,0,1,1563.0,1,3,1,7,2,1,1,4,2,1,0,0,3,2,1,3,2,1,1
4,654,1732.0,118,terminated,2,0,0,2,1732.0,1,4,1,9,2,2,1,5,2,2,0,0,4,2,2,4,2,2,2
4,655,1494.0,156,terminated,2,0,0,1,1494.0,1,3,1,7,2,1,1,4,2,1,0,0,3,2,1,3,2,1,1
4,656,-40.0,300,truncated,0,29,0,0,-40.0,0,0,1,1,0,0,1,1,0,0,0,0,0,0,0,0,0,0,0
4,657,1563.0,87,terminated,1,0,0,2,1563.0,1,3,1,7,1,2,1,4,1,2,0,0,3,1,2,3,1,2,2
4,658,1572.0,78,terminated,1,0,0,2,1572.0,1,3,1,7,1,2,1,4,1,2,0,0,3,1,2,3,1,2,2
4,659,1667.0,183,terminated,2,0,0,2,1667.0,1,3,1,8,2,2,1,5,2,2,0,0,4,2,2,4,2,2,2
4,660,516.0,104,terminated,2,3,1,1,516.0,0,3,1,7,2,1,1,4,2,1,0,0,3,2,1,3,2,1,1
4,661,1338.0,112,terminated,1,0,0,1,1338.0,1,2,1,5,1,1,1,3,1,1,0,0,2,1,1,2,1,1,1
4,662,170.0,300,truncated,1,28,0,0,170.0,0,1,1,3,1,0,1,2,1,0,0,0,1,1,0,1,1,0,0
4,663,1718.0,132,terminated,2,0,0,2,1718.0,1,4,1,9,2,2,1,5,2,2,0,0,4,2,2,4,2,2,2
4,664,1555.0,95,terminated,2,0,0,1,1555.0,1,3,1,7,2,1,1,4,2,1,0,0,3,2,1,3,2,1,1
4,665,130.0,300,truncated,0,32,0,1,130.0,0,1,1,3,0,1,1,2,0,1,0,0,1,0,1,1,0,1,1
4,666,649.0,101,terminated,2,10,1,2,649.0,0,4,1,9,2,2,1,5,2,2,0,0,4,2,2,4,2,2,2
4,667,1740.0,110,terminated,2,0,0,2,1740.0,1,4,0,8,2,2,0,4,2,2,0,0,4,2,2,4,2,2,2
4,668,1520.0,130,terminated,1,0,0,2,1520.0,1,2,1,6,1,2,1,4,1,2,0,0,3,1,2,3,1,2,2
4,669,1554.0,96,terminated,1,0,0,2,1554.0,1,2,1,6,1,2,1,4,1,2,0,0,3,1,2,3,1,2,2
4,670,1739.0,111,terminated,2,0,0,2,1739.0,1,4,1,9,2,2,1,5,2,2,0,0,4,2,2,4,2,2,2
4,671,1360.0,90,terminated,2,0,0,0,1360.0,1,2,1,5,2,0,1,3,2,0,0,0,2,2,0,2,2,0,0
4,672,701.0,119,terminated,2,3,1,2,701.0,0,4,1,9,2,2,1,5,2,2,1,0,4,2,2,4,2,2,2
4,673,1765.0,85,terminated,2,0,0,2,1765.0,1,4,0,8,2,2,0,4,2,2,0,0,4,2,2,4,2,2,2
4,674,1565.0,85,terminated,1,0,0,2,1565.0,1,3,1,7,1,2,1,4,1,2,0,0,3,1,2,3,1,2,2
4,675,1537.0,113,terminated,2,0,0,1,1537.0,1,3,1,7,2,1,1,4,2,1,0,0,3,2,1,3,2,1,1
4,676,-362.0,102,terminated,0,31,1,0,-362.0,0,0,1,1,0,0,1,1,0,0,0,0,0,0,0,0,0,0,0
4,677,1722.0,128,terminated,2,0,0,2,1722.0,1,4,0,8,2,2,0,4,2,2,0,0,4,2,2,4,2,2,2
4,678,1556.0,94,terminated,1,0,0,2,1556.0,1,3,1,7,1,2,1,4,1,2,0,0,3,1,2,3,1,2,2
4,679,1727.0,123,terminated,2,0,0,2,1727.0,1,4,1,9,2,2,1,5,2,2,0,0,4,2,2,4,2,2,2
4,680,1744.0,106,terminated,2,0,0,2,1744.0,1,4,1,9,2,2,1,5,2,2,0,0,4,2,2,4,2,2,2
4,681,1731.0,119,terminated,2,0,0,2,1731.0,1,3,0,7,2,2,0,4,2,2,0,0,4,2,2,4,2,2,2
4,682,1521.0,129,terminated,1,0,0,2,1521.0,1,3,0,6,1,2,0,3,1,2,0,0,3,1,2,3,1,2,2
4,683,1534.0,116,terminated,2,0,0,1,1534.0,1,3,1,7,2,1,1,4,2,1,0,0,3,2,1,3,2,1,1
4,684,-92.0,32,terminated,0,31,1,1,-92.0,0,1,0,2,0,1,0,1,0,1,0,0,1,0,1,1,0,1,1
4,685,1556.0,94,terminated,2,0,0,1,1556.0,1,2,1,6,2,1,1,4,2,1,0,0,3,2,1,3,2,1,1
4,686,-422.0,162,terminated,0,31,1,0,-422.0,0,0,1,1,0,0,1,1,0,0,0,0,0,0,0,0,0,0,0
4,687,1519.0,131,terminated,2,0,0,1,1519.0,1,3,1,7,2,1,1,4,2,1,0,0,3,2,1,3,2,1,1
4,688,-155.0,95,terminated,1,31,1,0,-155.0,0,1,1,3,1,0,1,2,1,0,0,0,1,1,0,1,1,0,0
4,689,1521.0,129,terminated,2,0,0,1,1521.0,1,2,1,6,2,1,1,4,2,1,0,1,4,2,1,3,2,1,1
4,690,639.0,121,terminated,2,9,1,2,639.0,0,4,1,9,2,2,1,5,2,2,0,0,4,2,2,4,2,2,2
4,691,-401.0,131,terminated,0,32,1,0,-401.0,0,0,1,1,0,0,1,1,0,0,0,0,0,0,0,0,0,0,0
4,692,-508.0,278,terminated,0,28,1,0,-508.0,0,0,2,2,0,0,2,2,0,0,0,0,0,0,0,0,0,0,0
4,693,1749.0,101,terminated,2,0,0,2,1749.0,1,4,0,8,2,2,0,4,2,2,0,0,4,2,2,4,2,2,2
4,694,1528.0,122,terminated,2,0,0,1,1528.0,1,3,1,7,2,1,1,4,2,1,0,0,3,2,1,3,2,1,1
4,695,119.0,71,terminated,1,26,1,1,119.0,0,2,0,4,1,1,0,2,1,1,0,0,2,1,1,2,1,1,1
4,696,-260.0,220,terminated,0,29,1,1,-260.0,0,1,1,3,0,1,1,2,0,1,0,0,1,0,1,1,0,1,1
4,697,1354.0,96,terminated,1,0,0,1,1354.0,1,2,1,5,1,1,1,3,1,1,0,0,2,1,1,2,1,1,1
4,698,1742.0,108,terminated,2,0,0,2,1742.0,1,4,1,9,2,2,1,5,2,2,0,0,4,2,2,4,2,2,2
4,699,1350.0,100,terminated,1,0,0,1,1350.0,1,2,0,4,1,1,0,2,1,1,0,0,2,1,1,2,1,1,1
4,700,1556.0,94,terminated,2,0,0,1,1556.0,1,2,1,6,2,1,1,4,2,1,0,0,3,2,1,3,2,1,1
4,701,170.0,300,truncated,1,28,0,0,170.0,0,1,1,3,1,0,1,2,1,0,0,0,1,1,0,1,1,0,0
4,702,1762.0,88,terminated,2,0,0,2,1762.0,1,4,1,9,2,2,1,5,2,2,1,0,4,2,2,4,2,2,2
4,703,-30.0,300,truncated,0,28,0,0,-30.0,0,0,1,1,0,0,1,1,0,0,0,0,0,0,0,0,0,0,0
4,704,-79.0,59,terminated,0,27,1,1,-79.0,0,1,1,3,0,1,1,2,0,1,0,0,1,0,1,1,0,1,1
4,705,462.0,68,terminated,1,12,1,2,462.0,0,3,1,7,1,2,1,4,1,2,0,0,3,1,2,3,1,2,2
4,706,1760.0,90,terminated,2,0,0,2,1760.0,1,4,1,9,2,2,1,5,2,2,0,0,4,2,2,4,2,2,2
4,707,1534.0,116,terminated,2,0,0,1,1534.0,1,3,1,7,2,1,1,4,2,1,0,0,3,2,1,3,2,1,1
4,708,1529.0,121,terminated,1,0,0,2,1529.0,1,3,1,7,1,2,1,4,1,2,0,0,3,1,2,3,1,2,2
4,709,221.0,59,terminated,1,17,1,1,221.0,0,2,0,4,1,1,0,2,1,1,0,0,2,1,1,2,1,1,1
4,710,-30.0,300,truncated,0,28,0,0,-30.0,0,0,1,1,0,0,1,1,0,0,1,1,1,0,0,0,0,0,0
4,711,1739.0,111,terminated,2,0,0,2,1739.0,1,4,1,9,2,2,1,5,2,2,0,0,4,2,2,4,2,2,2
4,712,1544.0,106,terminated,1,0,0,2,1544.0,1,2,1,6,1,2,1,4,1,2,0,0,3,1,2,3,1,2,2
4,713,1377.0,73,terminated,1,0,0,1,1377.0,1,2,0,4,1,1,0,2,1,1,0,0,2,1,1,2,1,1,1
4,714,1552.0,98,terminated,2,0,0,1,1552.0,1,3,1,7,2,1,1,4,2,1,0,0,3,2,1,3,2,1,1
4,715,1763.0,87,terminated,2,0,0,2,1763.0,1,4,1,9,2,2,1,5,2,2,0,0,4,2,2,4,2,2,2
4,716,1712.0,138,terminated,2,0,0,2,1712.0,1,4,1,9,2,2,1,5,2,2,0,0,4,2,2,4,2,2,2
4,717,1768.0,82,terminated,2,0,0,2,1768.0,1,2,1,7,2,2,1,5,2,2,1,0,4,2,2,4,2,2,2
4,718,1564.0,86,terminated,1,0,0,2,1564.0,1,3,1,7,1,2,1,4,1,2,0,0,3,1,2,3,1,2,2
4,719,688.0,92,terminated,2,7,1,2,688.0,0,4,1,9,2,2,1,5,2,2,0,0,4,2,2,4,2,2,2
4,720,1713.0,137,terminated,2,0,0,2,1713.0,1,4,1,9,2,2,1,5,2,2,0,0,4,2,2,4,2,2,2
4,721,1752.0,98,terminated,2,0,0,2,1752.0,1,4,1,9,2,2,1,5,2,2,0,0,4,2,2,4,2,2,2
4,722,-30.0,300,truncated,0,28,0,0,-30.0,0,0,1,1,0,0,1,1,0,0,0,0,0,0,0,0,0,0,0
4,723,-199.0,129,terminated,1,32,1,0,-199.0,0,0,1,2,1,0,1,2,1,0,0,0,1,1,0,1,1,0,0
4,724,107.0,43,terminated,1,30,1,1,107.0,0,1,1,4,1,1,1,3,1,1,0,0,2,1,1,2,1,1,1
4,725,1546.0,104,terminated,2,0,0,1,1546.0,1,3,1,7,2,1,1,4,2,1,0,0,3,2,1,3,2,1,1
4,726,1560.0,90,terminated,2,0,0,1,1560.0,1,3,1,7,2,1,1,4,2,1,0,0,3,2,1,3,2,1,1
4,727,1546.0,104,terminated,1,0,0,2,1546.0,1,3,0,6,1,2,0,3,1,2,0,1,4,1,2,3,1,2,2
4,728,726.0,114,terminated,2,1,1,2,726.0,0,3,1,8,2,2,1,5,2,2,0,0,4,2,2,4,2,2,2
4,729,1673.0,177,terminated,2,0,0,2,1673.0,1,4,1,9,2,2,1,5,2,2,0,0,4,2,2,4,2,2,2
4,730,160.0,300,truncated,1,29,0,0,160.0,0,1,1,3,1,0,1,2,1,0,0,0,1,1,0,1,1,0,0
4,731,1733.0,117,terminated,2,0,0,2,1733.0,1,3,1,8,2,2,1,5,2,2,0,0,4,2,2,4,2,2,2
4,732,160.0,300,truncated,0,29,0,1,160.0,0,1,1,3,0,1,1,2,0,1,0,0,1,0,1,1,0,1,1
4,733,-94.0,54,terminated,1,29,1,0,-94.0,0,0,1,2,1,0,1,2,1,0,0,0,1,1,0,1,1,0,0
4,734,1540.0,110,terminated,2,0,0,1,1540.0,1,3,1,7,2,1,1,4,2,1,0,0,3,2,1,3,2,1,1
4,735,1424.0,226,terminated,1,0,0,2,1424.0,1,3,1,7,1,2,1,4,1,2,0,0,3,1,2,3,1,2,2
4,736,1569.0,81,terminated,2,0,0,1,1569.0,1,3,1,7,2,1,1,4,2,1,0,0,3,2,1,3,2,1,1
4,737,-40.0,300,truncated,0,29,0,0,-40.0,0,0,1,1,0,0,1,1,0,0,0,0,0,0,0,0,0,0,0
4,738,1331.0,119,terminated,0,0,0,2,1331.0,1,2,1,5,0,2,1,3,0,2,0,0,2,0,2,2,0,2,2
4,739,1502.0,148,terminated,2,0,0,1,1502.0,1,3,1,7,2,1,1,4,2,1,3,0,3,2,1,3,2,1,1
4,740,1695.0,155,terminated,2,0,0,2,1695.0,1,3,1,8,2,2,1,5,2,2,0,0,4,2,2,4,2,2,2
4,741,-361.0,131,terminated,0,28,1,0,-361.0,0,0,1,1,0,0,1,1,0,0,0,0,0,0,0,0,0,0,0
4,742,319.0,91,terminated,1,4,1,1,319.0,0,2,1,5,1,1,1,3,1,1,0,0,2,1,1,2,1,1,1
4,743,1352.0,98,terminated,1,0,0,1,1352.0,1,2,1,5,1,1,1,3,1,1,0,0,2,1,1,2,1,1,1
4,744,1547.0,103,terminated,2,0,0,1,1547.0,1,3,0,6,2,1,0,3,2,1,0,0,3,2,1,3,2,1,1
4,745,1372.0,78,terminated,1,0,0,1,1372.0,1,2,1,5,1,1,1,3,1,1,0,0,2,1,1,2,1,1,1
4,746,1533.0,117,terminated,1,0,0,2,1533.0,1,3,1,7,1,2,1,4,1,2,0,1,4,1,2,3,1,2,2
4,747,1362.0,88,terminated,1,0,0,1,1362.0,1,2,1,5,1,1,1,3,1,1,0,0,2,1,1,2,1,1,1
4,748,1759.0,91,terminated,2,0,0,2,1759.0,1,4,1,9,2,2,1,5,2,2,2,1,5,2,2,4,2,2,2
4,749,1355.0,95,terminated,2,0,0,0,1355.0,1,2,1,5,2,0,1,3,2,0,0,0,2,2,0,2,2,0,0
4,750,140.0,300,truncated,0,31,0,1,140.0,0,1,1,3,0,1,1,2,0,1,0,0,1,0,1,1,0,1,1
4,751,1539.0,111,terminated,1,0,0,2,1539.0,1,3,1,7,1,2,1,4,1,2,0,0,3,1,2,3,1,2,2
4,752,1712.0,138,terminated,2,0,0,2,1712.0,1,4,1,9,2,2,1,5,2,2,0,0,4,2,2,4,2,2,2
4,753,521.0,119,terminated,2,1,1,1,521.0,0,3,0,6,2,1,0,3,2,1,0,0,3,2,1,3,2,1,1
4,754,1365.0,85,terminated,1,0,0,1,1365.0,1,2,1,5,1,1,1,3,1,1,0,0,2,1,1,2,1,1,1
4,755,-30.0,300,truncated,0,28,0,0,-30.0,0,0,1,1,0,0,1,1,0,0,0,0,0,0,0,0,0,0,0
4,756,-50.0,300,truncated,0,30,0,0,-50.0,0,0,1,1,0,0,1,1,0,0,0,0,0,0,0,0,0,0,0
4,757,1545.0,105,terminated,1,0,0,2,1545.0,1,3,1,7,1,2,1,4,1,2,0,0,3,1,2,3,1,2,2
4,758,702.0,108,terminated,2,4,1,2,702.0,0,4,1,9,2,2,1,5,2,2,0,0,4,2,2,4,2,2,2
4,759,1693.0,157,terminated,2,0,0,2,1693.0,1,4,1,9,2,2,1,5,2,2,0,0,4,2,2,4,2,2,2
4,760,-24.0,54,terminated,1,22,1,0,-24.0,0,1,1,3,1,0,1,2,1,0,0,0,1,1,0,1,1,0,0
4,761,1761.0,89,terminated,2,0,0,2,1761.0,1,3,1,8,2,2,1,5,2,2,0,0,4,2,2,4,2,2,2
4,762,1356.0,94,terminated,1,0,0,1,1356.0,1,2,1,5,1,1,1,3,1,1,0,0,2,1,1,2,1,1,1
4,763,-403.0,143,terminated,0,31,1,0,-403.0,0,0,1,1,0,0,1,1,0,0,0,0,0,0,0,0,0,0,0
4,764,1539.0,111,terminated,1,0,0,2,1539.0,1,3,1,7,1,2,1,4,1,2,0,1,4,1,2,3,1,2,2
4,765,1352.0,98,terminated,1,0,0,1,1352.0,1,2,1,5,1,1,1,3,1,1,0,0,2,1,1,2,1,1,1
4,766,1731.0,119,terminated,2,0,0,2,1731.0,1,4,1,9,2,2,1,5,2,2,0,0,4,2,2,4,2,2,2
4,767,494.0,116,terminated,2,4,1,1,494.0,0,3,1,7,2,1,1,4,2,1,0,0,3,2,1,3,2,1,1
4,768,130.0,300,truncated,0,32,0,1,130.0,0,1,1,3,0,1,1,2,0,1,0,0,1,0,1,1,0,1,1
4,769,170.0,300,truncated,0,28,0,1,170.0,0,1,1,3,0,1,1,2,0,1,0,0,1,0,1,1,0,1,1
4,770,-307.0,37,terminated,0,32,1,0,-307.0,0,0,1,1,0,0,1,1,0,0,0,0,0,0,0,0,0,0,0
4,771,1693.0,157,terminated,2,0,0,2,1693.0,1,4,1,9,2,2,1,5,2,2,0,0,4,2,2,4,2,2,2
4,772,1560.0,90,terminated,2,0,0,1,1560.0,1,3,1,7,2,1,1,4,2,1,0,0,3,2,1,3,2,1,1
4,773,190.0,300,truncated,0,26,0,1,190.0,0,1,1,3,0,1,1,2,0,1,8,0,1,0,1,1,0,1,1
4,774,1750.0,100,terminated,2,0,0,2,1750.0,1,4,1,9,2,2,1,5,2,2,0,0,4,2,2,4,2,2,2
4,775,1466.0,184,terminated,1,0,0,2,1466.0,1,3,1,7,1,2,1,4,1,2,0,0,3,1,2,3,1,2,2
4,776,-8.0,68,terminated,1,19,1,0,-8.0,0,0,1,2,1,0,1,2,1,0,0,0,1,1,0,1,1,0,0
4,777,1731.0,119,terminated,2,0,0,2,1731.0,1,4,1,9,2,2,1,5,2,2,0,0,4,2,2,4,2,2,2
4,778,150.0,300,truncated,0,30,0,1,150.0,0,1,1,3,0,1,1,2,0,1,0,0,1,0,1,1,0,1,1
4,779,170.0,300,truncated,0,28,0,1,170.0,0,1,1,3,0,1,1,2,0,1,0,0,1,0,1,1,0,1,1
4,780,1743.0,107,terminated,2,0,0,2,1743.0,1,3,1,8,2,2,1,5,2,2,0,0,4,2,2,4,2,2,2
4,781,1537.0,113,terminated,1,0,0,2,1537.0,1,2,1,6,1,2,1,4,1,2,0,0,3,1,2,3,1,2,2
4,782,150.0,300,truncated,0,30,0,1,150.0,0,1,1,3,0,1,1,2,0,1,0,0,1,0,1,1,0,1,1
4,783,1536.0,114,terminated,2,0,0,1,1536.0,1,3,1,7,2,1,1,4,2,1,0,0,3,2,1,3,2,1,1
4,784,1332.0,118,terminated,1,0,0,1,1332.0,1,2,1,5,1,1,1,3,1,1,0,0,2,1,1,2,1,1,1
4,785,1755.0,95,terminated,2,0,0,2,1755.0,1,4,1,9,2,2,1,5,2,2,0,0,4,2,2,4,2,2,2
4,786,1548.0,102,terminated,1,0,0,2,1548.0,1,2,0,5,1,2,0,3,1,2,0,0,3,1,2,3,1,2,2
4,787,1542.0,108,terminated,2,0,0,1,1542.0,1,3,1,7,2,1,1,4,2,1,0,0,3,2,1,3,2,1,1
4,788,1746.0,104,terminated,2,0,0,2,1746.0,1,3,1,8,2,2,1,5,2,2,0,0,4,2,2,4,2,2,2
4,789,1749.0,101,terminated,2,0,0,2,1749.0,1,3,0,7,2,2,0,4,2,2,0,0,4,2,2,4,2,2,2
4,790,-213.0,153,terminated,0,31,1,1,-213.0,0,1,1,3,0,1,1,2,0,1,0,0,1,0,1,1,0,1,1
4,791,-438.0,208,terminated,0,28,1,0,-438.0,0,0,1,1,0,0,1,1,0,0,0,0,0,0,0,0,0,0,0
4,792,1556.0,94,terminated,2,0,0,1,1556.0,1,3,1,7,2,1,1,4,2,1,0,0,3,2,1,3,2,1,1
4,793,1727.0,123,terminated,2,0,0,2,1727.0,1,4,1,9,2,2,1,5,2,2,0,0,4,2,2,4,2,2,2
4,794,1152.0,98,terminated,0,0,0,1,1152.0,1,1,1,3,0,1,1,2,0,1,0,0,1,0,1,1,0,1,1
4,795,1742.0,108,terminated,2,0,0,2,1742.0,1,4,1,9,2,2,1,5,2,2,0,0,4,2,2,4,2,2,2
4,796,1446.0,204,terminated,2,0,0,1,1446.0,1,3,1,7,2,1,1,4,2,1,0,0,3,2,1,3,2,1,1
4,797,1545.0,105,terminated,1,0,0,2,1545.0,1,3,1,7,1,2,1,4,1,2,0,0,3,1,2,3,1,2,2
4,798,1710.0,140,terminated,2,0,0,2,1710.0,1,4,1,9,2,2,1,5,2,2,0,0,4,2,2,4,2,2,2
4,799,1558.0,92,terminated,1,0,0,2,1558.0,1,3,0,6,1,2,0,3,1,2,0,0,3,1,2,3,1,2,2
4,800,-60.0,300,truncated,0,31,0,0,-60.0,0,0,1,1,0,0,1,1,0,0,0,0,0,0,0,0,0,0,0
4,801,1350.0,100,terminated,1,0,0,1,1350.0,1,2,0,4,1,1,0,2,1,1,0,0,2,1,1,2,1,1,1
4,802,695.0,115,terminated,2,4,1,2,695.0,0,4,1,9,2,2,1,5,2,2,0,0,4,2,2,4,2,2,2
4,803,1465.0,185,terminated,2,0,0,1,1465.0,1,3,1,7,2,1,1,4,2,1,0,0,3,2,1,3,2,1,1
4,804,1725.0,125,terminated,2,0,0,2,1725.0,1,4,1,9,2,2,1,5,2,2,0,0,4,2,2,4,2,2,2
4,805,1513.0,137,terminated,1,0,0,2,1513.0,1,3,1,7,1,2,1,4,1,2,0,0,3,1,2,3,1,2,2
4,806,1530.0,120,terminated,1,0,0,2,1530.0,1,3,1,7,1,2,1,4,1,2,0,2,5,1,2,3,1,2,2
4,807,-157.0,97,terminated,0,31,1,1,-157.0,0,1,1,3,0,1,1,2,0,1,0,0,1,0,1,1,0,1,1
4,808,1544.0,106,terminated,1,0,0,2,1544.0,1,2,1,6,1,2,1,4,1,2,0,0,3,1,2,3,1,2,2
4,809,1760.0,90,terminated,2,0,0,2,1760.0,1,4,1,9,2,2,1,5,2,2,0,0,4,2,2,4,2,2,2
4,810,1571.0,79,terminated,2,0,0,1,1571.0,1,3,1,7,2,1,1,4,2,1,0,0,3,2,1,3,2,1,1
4,811,1758.0,92,terminated,2,0,0,2,1758.0,1,3,1,8,2,2,1,5,2,2,0,0,4,2,2,4,2,2,2
4,812,-305.0,35,terminated,0,32,1,0,-305.0,0,0,1,1,0,0,1,1,0,0,0,0,0,0,0,0,0,0,0
4,813,1750.0,100,terminated,2,0,0,2,1750.0,1,4,0,8,2,2,0,4,2,2,0,0,4,2,2,4,2,2,2
4,814,1553.0,97,terminated,2,0,0,1,1553.0,1,3,1,7,2,1,1,4,2,1,0,0,3,2,1,3,2,1,1
4,815,1760.0,90,terminated,2,0,0,2,1760.0,1,4,0,8,2,2,0,4,2,2,0,0,4,2,2,4,2,2,2
4,816,-400.0,40,terminated,0,41,1,0,-400.0,0,0,1,1,0,0,1,1,0,0,0,0,0,0,0,0,0,0,0
4,817,1753.0,97,terminated,2,0,0,2,1753.0,1,4,1,9,2,2,1,5,2,2,0,0,4,2,2,4,2,2,2
4,818,1359.0,91,terminated,1,0,0,1,1359.0,1,2,1,5,1,1,1,3,1,1,0,0,2,1,1,2,1,1,1
4,819,1534.0,116,terminated,2,0,0,1,1534.0,1,3,1,7,2,1,1,4,2,1,0,0,3,2,1,3,2,1,1
4,820,150.0,300,truncated,1,30,0,0,150.0,0,1,1,3,1,0,1,2,1,0,0,0,1,1,0,1,1,0,0
4,821,-298.0,228,terminated,0,32,1,1,-298.0,0,1,1,3,0,1,1,2,0,1,0,0,1,0,1,1,0,1,1
4,822,1560.0,90,terminated,1,0,0,2,1560.0,1,3,1,7,1,2,1,4,1,2,0,0,3,1,2,3,1,2,2
4,823,140.0,300,truncated,1,31,0,0,140.0,0,1,1,3,1,0,1,2,1,0,0,0,1,1,0,1,1,0,0
4,824,1757.0,93,terminated,2,0,0,2,1757.0,1,3,1,8,2,2,1,5,2,2,0,0,4,2,2,4,2,2,2
4,825,-308.0,268,terminated,1,29,1,0,-308.0,0,1,1,3,1,0,1,2,1,0,0,0,1,1,0,1,1,0,0
4,826,1752.0,98,terminated,2,0,0,2,1752.0,1,3,0,7,2,2,0,4,2,2,0,0,4,2,2,4,2,2,2
4,827,150.0,300,truncated,0,30,0,1,150.0,0,1,1,3,0,1,1,2,0,1,0,0,1,0,1,1,0,1,1
4,828,1546.0,104,terminated,2,0,0,1,1546.0,1,3,1,7,2,1,1,4,2,1,0,0,3,2,1,3,2,1,1
4,829,1759.0,91,terminated,2,0,0,2,1759.0,1,4,1,9,2,2,1,5,2,2,0,1,5,2,2,4,2,2,2
4,830,1559.0,91,terminated,2,0,0,1,1559.0,1,3,1,7,2,1,1,4,2,1,0,0,3,2,1,3,2,1,1
4,831,1567.0,83,terminated,2,0,0,1,1567.0,1,3,1,7,2,1,1,4,2,1,0,0,3,2,1,3,2,1,1
4,832,1719.0,131,terminated,2,0,0,2,1719.0,1,4,1,9,2,2,1,5,2,2,0,1,5,2,2,4,2,2,2
4,833,1752.0,98,terminated,2,0,0,2,1752.0,1,4,0,8,2,2,0,4,2,2,0,0,4,2,2,4,2,2,2
4,834,1769.0,81,terminated,2,0,0,2,1769.0,1,4,1,9,2,2,1,5,2,2,0,0,4,2,2,4,2,2,2
4,835,140.0,300,truncated,1,31,0,0,140.0,0,1,1,3,1,0,1,2,1,0,0,0,1,1,0,1,1,0,0
4,836,1566.0,84,terminated,2,0,0,1,1566.0,1,3,1,7,2,1,1,4,2,1,0,2,5,2,1,3,2,1,1
4,837,1728.0,122,terminated,2,0,0,2,1728.0,1,4,1,9,2,2,1,5,2,2,0,0,4,2,2,4,2,2,2
4,838,695.0,135,terminated,2,2,1,2,695.0,0,4,1,9,2,2,1,5,2,2,0,0,4,2,2,4,2,2,2
4,839,430.0,70,terminated,2,15,1,1,430.0,0,3,1,7,2,1,1,4,2,1,0,0,3,2,1,3,2,1,1
4,840,-50.0,300,truncated,0,30,0,0,-50.0,0,0,1,1,0,0,1,1,0,0,0,0,0,0,0,0,0,0,0
4,841,1323.0,127,terminated,1,0,0,1,1323.0,1,2,1,5,1,1,1,3,1,1,0,0,2,1,1,2,1,1,1
4,842,1752.0,98,terminated,2,0,0,2,1752.0,1,4,1,9,2,2,1,5,2,2,0,2,6,2,2,4,2,2,2
4,843,1513.0,137,terminated,1,0,0,2,1513.0,1,3,1,7,1,2,1,4,1,2,0,0,3,1,2,3,1,2,2
4,844,1746.0,104,terminated,2,0,0,2,1746.0,1,4,1,9,2,2,1,5,2,2,0,0,4,2,2,4,2,2,2
4,845,-463.0,173,terminated,0,34,1,0,-463.0,0,0,1,1,0,0,1,1,0,0,0,0,0,0,0,0,0,0,0
4,846,170.0,300,truncated,1,28,0,0,170.0,0,1,1,3,1,0,1,2,1,0,2,2,3,1,0,1,1,0,0
4,847,-457.0,187,terminated,0,32,1,0,-457.0,0,0,1,1,0,0,1,1,0,0,0,0,0,0,0,0,0,0,0
4,848,1751.0,99,terminated,2,0,0,2,1751.0,1,4,1,9,2,2,1,5,2,2,0,1,5,2,2,4,2,2,2
4,849,1493.0,157,terminated,1,0,0,2,1493.0,1,3,1,7,1,2,1,4,1,2,0,0,3,1,2,3,1,2,2
4,850,1745.0,105,terminated,2,0,0,2,1745.0,1,4,1,9,2,2,1,5,2,2,0,0,4,2,2,4,2,2,2
4,851,1544.0,106,terminated,2,0,0,1,1544.0,1,2,1,6,2,1,1,4,2,1,0,0,3,2,1,3,2,1,1
4,852,1365.0,85,terminated,1,0,0,1,1365.0,1,2,1,5,1,1,1,3,1,1,0,0,2,1,1,2,1,1,1
4,853,-386.0,116,terminated,0,32,1,0,-386.0,0,0,1,1,0,0,1,1,0,0,0,0,0,0,0,0,0,0,0
4,854,-302.0,32,terminated,0,32,1,0,-302.0,0,0,1,1,0,0,1,1,0,0,0,0,0,0,0,0,0,0,0
4,855,1747.0,103,terminated,2,0,0,2,1747.0,1,4,0,8,2,2,0,4,2,2,0,0,4,2,2,4,2,2,2
4,856,1547.0,103,terminated,2,0,0,1,1547.0,1,2,0,5,2,1,0,3,2,1,0,0,3,2,1,3,2,1,1
4,857,-193.0,73,terminated,1,37,1,0,-193.0,0,1,1,3,1,0,1,2,1,0,0,0,1,1,0,1,1,0,0
4,858,464.0,66,terminated,2,12,1,1,464.0,0,3,1,7,2,1,1,4,2,1,0,0,3,2,1,3,2,1,1
4,859,1753.0,97,terminated,2,0,0,2,1753.0,1,4,1,9,2,2,1,5,2,2,0,0,4,2,2,4,2,2,2
4,860,1734.0,116,terminated,2,0,0,2,1734.0,1,4,1,9,2,2,1,5,2,2,0,0,4,2,2,4,2,2,2
4,861,-77.0,57,terminated,0,27,1,1,-77.0,0,1,1,3,0,1,1,2,0,1,0,0,1,0,1,1,0,1,1
4,862,1741.0,109,terminated,2,0,0,2,1741.0,1,4,1,9,2,2,1,5,2,2,0,0,4,2,2,4,2,2,2
4,863,1693.0,157,terminated,2,0,0,2,1693.0,1,4,1,9,2,2,1,5,2,2,0,0,4,2,2,4,2,2,2
4,864,-106.0,56,terminated,0,30,1,1,-106.0,0,1,1,3,0,1,1,2,0,1,0,0,1,0,1,1,0,1,1
4,865,1747.0,103,terminated,2,0,0,2,1747.0,1,4,1,9,2,2,1,5,2,2,0,0,4,2,2,4,2,2,2
4,866,1740.0,110,terminated,2,0,0,2,1740.0,1,4,1,9,2,2,1,5,2,2,0,0,4,2,2,4,2,2,2
4,867,-550.0,280,terminated,0,32,1,0,-550.0,0,0,1,1,0,0,1,1,0,0,0,0,0,0,0,0,0,0,0
4,868,1357.0,93,terminated,2,0,0,0,1357.0,1,2,1,5,2,0,1,3,2,0,0,0,2,2,0,2,2,0,0
4,869,-70.0,300,truncated,0,32,0,0,-70.0,0,0,1,1,0,0,1,1,0,0,0,0,0,0,0,0,0,0,0
4,870,1357.0,93,terminated,1,0,0,1,1357.0,1,2,1,5,1,1,1,3,1,1,0,0,2,1,1,2,1,1,1
4,871,1734.0,116,terminated,2,0,0,2,1734.0,1,4,0,8,2,2,0,4,2,2,0,0,4,2,2,4,2,2,2
4,872,1566.0,84,terminated,1,0,0,2,1566.0,1,3,1,7,1,2,1,4,1,2,0,0,3,1,2,3,1,2,2
4,873,1553.0,97,terminated,1,0,0,2,1553.0,1,3,1,7,1,2,1,4,1,2,0,0,3,1,2,3,1,2,2
4,874,1559.0,91,terminated,2,0,0,1,1559.0,1,3,1,7,2,1,1,4,2,1,0,0,3,2,1,3,2,1,1
4,875,130.0,300,truncated,1,32,0,0,130.0,0,1,1,3,1,0,1,2,1,0,0,0,1,1,0,1,1,0,0
4,876,-349.0,299,terminated,1,30,1,0,-349.0,0,1,1,3,1,0,1,2,1,0,0,0,1,1,0,1,1,0,0
4,877,687.0,93,terminated,2,7,1,2,687.0,0,4,1,9,2,2,1,5,2,2,0,0,4,2,2,4,2,2,2
4,878,1764.0,86,terminated,2,0,0,2,1764.0,1,4,1,9,2,2,1,5,2,2,0,0,4,2,2,4,2,2,2
4,879,1537.0,113,terminated,1,0,0,2,1537.0,1,3,0,6,1,2,0,3,1,2,0,0,3,1,2,3,1,2,2
4,880,1757.0,93,terminated,2,0,0,2,1757.0,1,4,0,8,2,2,0,4,2,2,0,0,4,2,2,4,2,2,2
4,881,1749.0,101,terminated,2,0,0,2,1749.0,1,4,1,9,2,2,1,5,2,2,0,0,4,2,2,4,2,2,2
4,882,1534.0,116,terminated,1,0,0,2,1534.0,1,3,1,7,1,2,1,4,1,2,0,0,3,1,2,3,1,2,2
4,883,1755.0,95,terminated,2,0,0,2,1755.0,1,4,1,9,2,2,1,5,2,2,0,0,4,2,2,4,2,2,2
4,884,1560.0,90,terminated,2,0,0,1,1560.0,1,3,1,7,2,1,1,4,2,1,0,0,3,2,1,3,2,1,1
4,885,-174.0,24,terminated,0,40,1,1,-174.0,0,1,1,3,0,1,1,2,0,1,0,0,1,0,1,1,0,1,1
4,886,1544.0,106,terminated,1,0,0,2,1544.0,1,3,1,7,1,2,1,4,1,2,0,0,3,1,2,3,1,2,2
4,887,-180.0,160,terminated,0,27,1,1,-180.0,0,1,1,3,0,1,1,2,0,1,2,0,1,0,1,1,0,1,1
4,888,1363.0,87,terminated,1,0,0,1,1363.0,1,2,1,5,1,1,1,3,1,1,0,0,2,1,1,2,1,1,1
4,889,1617.0,233,terminated,2,0,0,2,1617.0,1,3,1,8,2,2,1,5,2,2,0,0,4,2,2,4,2,2,2
4,890,749.0,91,terminated,2,1,1,2,749.0,0,4,1,9,2,2,1,5,2,2,0,0,4,2,2,4,2,2,2
4,891,160.0,300,truncated,0,29,0,1,160.0,0,1,1,3,0,1,1,2,0,1,0,0,1,0,1,1,0,1,1
4,892,500.0,130,terminated,2,2,1,1,500.0,0,3,1,7,2,1,1,4,2,1,0,0,3,2,1,3,2,1,1
4,893,1543.0,107,terminated,1,0,0,2,1543.0,1,3,1,7,1,2,1,4,1,2,0,1,4,1,2,3,1,2,2
4,894,1724.0,126,terminated,2,0,0,2,1724.0,1,4,1,9,2,2,1,5,2,2,0,0,4,2,2,4,2,2,2
4,895,507.0,123,terminated,2,2,1,1,507.0,0,3,0,6,2,1,0,3,2,1,0,0,3,2,1,3,2,1,1
4,896,1452.0,198,terminated,1,0,0,2,1452.0,1,3,1,7,1,2,1,4,1,2,0,3,6,1,2,3,1,2,2
4,897,715.0,115,terminated,2,2,1,2,715.0,0,4,1,9,2,2,1,5,2,2,0,2,6,2,2,4,2,2,2
4,898,1741.0,109,terminated,2,0,0,2,1741.0,1,4,1,9,2,2,1,5,2,2,0,0,4,2,2,4,2,2,2
4,899,-95.0,35,terminated,0,31,1,1,-95.0,0,1,1,3,0,1,1,2,0,1,0,0,1,0,1,1,0,1,1
4,900,1521.0,129,terminated,2,0,0,1,1521.0,1,3,1,7,2,1,1,4,2,1,0,2,5,2,1,3,2,1,1
4,901,1549.0,101,terminated,1,0,0,2,1549.0,1,3,1,7,1,2,1,4,1,2,0,0,3,1,2,3,1,2,2
4,902,-247.0,197,terminated,1,30,1,0,-247.0,0,1,1,3,1,0,1,2,1,0,0,0,1,1,0,1,1,0,0
4,903,1754.0,96,terminated,2,0,0,2,1754.0,1,4,0,8,2,2,0,4,2,2,0,0,4,2,2,4,2,2,2
4,904,1531.0,119,terminated,1,0,0,2,1531.0,1,3,0,6,1,2,0,3,1,2,0,1,4,1,2,3,1,2,2
4,905,1767.0,83,terminated,2,0,0,2,1767.0,1,4,1,9,2,2,1,5,2,2,0,0,4,2,2,4,2,2,2
4,906,95.0,55,terminated,1,30,1,1,95.0,0,2,1,5,1,1,1,3,1,1,0,0,2,1,1,2,1,1,1
4,907,-50.0,300,truncated,0,30,0,0,-50.0,0,0,1,1,0,0,1,1,0,0,0,0,0,0,0,0,0,0,0
4,908,1740.0,110,terminated,2,0,0,2,1740.0,1,4,1,9,2,2,1,5,2,2,0,0,4,2,2,4,2,2,2
4,909,1547.0,103,terminated,2,0,0,1,1547.0,1,3,1,7,2,1,1,4,2,1,0,0,3,2,1,3,2,1,1
4,910,-178.0,28,terminated,0,40,1,1,-178.0,0,1,1,3,0,1,1,2,0,1,0,1,2,0,1,1,0,1,1
4,911,1560.0,90,terminated,2,0,0,1,1560.0,1,3,0,6,2,1,0,3,2,1,0,0,3,2,1,3,2,1,1
4,912,130.0,300,truncated,0,32,0,1,130.0,0,1,1,3,0,1,1,2,0,1,0,0,1,0,1,1,0,1,1
4,913,-320.0,260,terminated,1,31,1,0,-320.0,0,1,1,3,1,0,1,2,1,0,0,0,1,1,0,1,1,0,0
4,914,483.0,117,terminated,1,5,1,2,483.0,0,3,1,7,1,2,1,4,1,2,0,0,3,1,2,3,1,2,2
4,915,1741.0,109,terminated,2,0,0,2,1741.0,1,4,1,9,2,2,1,5,2,2,0,0,4,2,2,4,2,2,2
4,916,1540.0,110,terminated,2,0,0,1,1540.0,1,3,1,7,2,1,1,4,2,1,0,0,3,2,1,3,2,1,1
4,917,-203.0,143,terminated,0,31,1,1,-203.0,0,1,1,3,0,1,1,2,0,1,0,0,1,0,1,1,0,1,1
4,918,140.0,300,truncated,1,31,0,0,140.0,0,1,1,3,1,0,1,2,1,0,0,0,1,1,0,1,1,0,0
4,919,1563.0,87,terminated,2,0,0,1,1563.0,1,3,0,6,2,1,0,3,2,1,0,0,3,2,1,3,2,1,1
4,920,1555.0,95,terminated,2,0,0,1,1555.0,1,3,1,7,2,1,1,4,2,1,0,0,3,2,1,3,2,1,1
4,921,1702.0,148,terminated,2,0,0,2,1702.0,1,4,1,9,2,2,1,5,2,2,0,0,4,2,2,4,2,2,2
4,922,1557.0,93,terminated,1,0,0,2,1557.0,1,3,1,7,1,2,1,4,1,2,0,1,4,1,2,3,1,2,2
4,923,1734.0,116,terminated,2,0,0,2,1734.0,1,4,1,9,2,2,1,5,2,2,0,0,4,2,2,4,2,2,2
4,924,160.0,300,truncated,1,29,0,0,160.0,0,1,1,3,1,0,1,2,1,0,0,0,1,1,0,1,1,0,0
4,925,1734.0,116,terminated,2,0,0,2,1734.0,1,4,1,9,2,2,1,5,2,2,0,0,4,2,2,4,2,2,2
4,926,-29.0,49,terminated,1,23,1,0,-29.0,0,1,1,3,1,0,1,2,1,0,0,0,1,1,0,1,1,0,0
4,927,1762.0,88,terminated,2,0,0,2,1762.0,1,4,1,9,2,2,1,5,2,2,0,0,4,2,2,4,2,2,2
4,928,1528.0,122,terminated,2,0,0,1,1528.0,1,3,1,7,2,1,1,4,2,1,0,0,3,2,1,3,2,1,1
4,929,1509.0,141,terminated,1,0,0,2,1509.0,1,3,1,7,1,2,1,4,1,2,0,0,3,1,2,3,1,2,2
4,930,1737.0,113,terminated,2,0,0,2,1737.0,1,4,1,9,2,2,1,5,2,2,0,0,4,2,2,4,2,2,2
4,931,1714.0,136,terminated,2,0,0,2,1714.0,1,4,1,9,2,2,1,5,2,2,0,0,4,2,2,4,2,2,2
4,932,1548.0,102,terminated,2,0,0,1,1548.0,1,3,1,7,2,1,1,4,2,1,0,0,3,2,1,3,2,1,1
4,933,1747.0,103,terminated,2,0,0,2,1747.0,1,4,1,9,2,2,1,5,2,2,0,0,4,2,2,4,2,2,2
4,934,1572.0,78,terminated,2,0,0,1,1572.0,1,3,1,7,2,1,1,4,2,1,0,0,3,2,1,3,2,1,1
4,935,402.0,98,terminated,2,15,1,1,402.0,0,2,1,6,2,1,1,4,2,1,0,0,3,2,1,3,2,1,1
4,936,1752.0,98,terminated,2,0,0,2,1752.0,1,4,1,9,2,2,1,5,2,2,0,0,4,2,2,4,2,2,2
4,937,1486.0,164,terminated,1,0,0,2,1486.0,1,3,1,7,1,2,1,4,1,2,0,1,4,1,2,3,1,2,2
4,938,-50.0,300,truncated,0,30,0,0,-50.0,0,0,1,1,0,0,1,1,0,0,0,0,0,0,0,0,0,0,0
4,939,-349.0,299,terminated,1,30,1,0,-349.0,0,1,1,3,1,0,1,2,1,0,0,0,1,1,0,1,1,0,0
4,940,170.0,300,truncated,0,28,0,1,170.0,0,1,1,3,0,1,1,2,0,1,0,0,1,0,1,1,0,1,1
4,941,1497.0,153,terminated,2,0,0,1,1497.0,1,3,1,7,2,1,1,4,2,1,0,0,3,2,1,3,2,1,1
4,942,160.0,300,truncated,0,29,0,1,160.0,0,1,1,3,0,1,1,2,0,1,0,0,1,0,1,1,0,1,1
4,943,150.0,300,truncated,0,30,0,1,150.0,0,1,1,3,0,1,1,2,0,1,0,0,1,0,1,1,0,1,1
4,944,1765.0,85,terminated,2,0,0,2,1765.0,1,4,1,9,2,2,1,5,2,2,0,0,4,2,2,4,2,2,2
4,945,1537.0,113,terminated,2,0,0,1,1537.0,1,3,1,7,2,1,1,4,2,1,13,0,3,2,1,3,2,1,1
4,946,1681.0,169,terminated,2,0,0,2,1681.0,1,4,1,9,2,2,1,5,2,2,0,0,4,2,2,4,2,2,2
4,947,1723.0,127,terminated,2,0,0,2,1723.0,1,4,1,9,2,2,1,5,2,2,0,0,4,2,2,4,2,2,2
4,948,1334.0,116,terminated,1,0,0,1,1334.0,1,2,1,5,1,1,1,3,1,1,0,1,3,1,1,2,1,1,1
4,949,1345.0,105,terminated,0,0,0,2,1345.0,1,2,1,5,0,2,1,3,0,2,0,0,2,0,2,2,0,2,2
4,950,1329.0,121,terminated,1,0,0,1,1329.0,1,2,1,5,1,1,1,3,1,1,0,0,2,1,1,2,1,1,1
4,951,1741.0,109,terminated,2,0,0,2,1741.0,1,3,1,8,2,2,1,5,2,2,0,0,4,2,2,4,2,2,2
4,952,1535.0,115,terminated,2,0,0,1,1535.0,1,3,1,7,2,1,1,4,2,1,0,0,3,2,1,3,2,1,1
4,953,1358.0,92,terminated,1,0,0,1,1358.0,1,2,0,4,1,1,0,2,1,1,0,0,2,1,1,2,1,1,1
4,954,692.0,128,terminated,2,3,1,2,692.0,0,2,1,7,2,2,1,5,2,2,0,0,4,2,2,4,2,2,2
4,955,1340.0,110,terminated,1,0,0,1,1340.0,1,2,1,5,1,1,1,3,1,1,0,0,2,1,1,2,1,1,1
4,956,1753.0,97,terminated,2,0,0,2,1753.0,1,4,1,9,2,2,1,5,2,2,0,0,4,2,2,4,2,2,2
4,957,1351.0,99,terminated,1,0,0,1,1351.0,1,2,1,5,1,1,1,3,1,1,0,0,2,1,1,2,1,1,1
4,958,455.0,115,terminated,1,8,1,2,455.0,0,2,1,6,1,2,1,4,1,2,0,0,3,1,2,3,1,2,2
4,959,31.0,49,terminated,1,37,1,1,31.0,0,1,1,4,1,1,1,3,1,1,1,0,2,1,1,2,1,1,1
4,960,1554.0,96,terminated,1,0,0,2,1554.0,1,3,1,7,1,2,1,4,1,2,0,0,3,1,2,3,1,2,2
4,961,1553.0,97,terminated,1,0,0,2,1553.0,1,3,1,7,1,2,1,4,1,2,0,0,3,1,2,3,1,2,2
4,962,-256.0,206,terminated,1,30,1,0,-256.0,0,1,1,3,1,0,1,2,1,0,0,0,1,1,0,1,1,0,0
4,963,1736.0,114,terminated,2,0,0,2,1736.0,1,4,1,9,2,2,1,5,2,2,0,0,4,2,2,4,2,2,2
4,964,1754.0,96,terminated,2,0,0,2,1754.0,1,4,1,9,2,2,1,5,2,2,0,0,4,2,2,4,2,2,2
4,965,1751.0,99,terminated,2,0,0,2,1751.0,1,4,1,9,2,2,1,5,2,2,0,0,4,2,2,4,2,2,2
4,966,1331.0,119,terminated,1,0,0,1,1331.0,1,2,1,5,1,1,1,3,1,1,0,0,2,1,1,2,1,1,1
4,967,1533.0,117,terminated,2,0,0,1,1533.0,1,3,1,7,2,1,1,4,2,1,0,0,3,2,1,3,2,1,1
4,968,1494.0,156,terminated,1,0,0,2,1494.0,1,3,1,7,1,2,1,4,1,2,0,0,3,1,2,3,1,2,2
4,969,140.0,300,truncated,1,31,0,0,140.0,0,1,1,3,1,0,1,2,1,0,0,0,1,1,0,1,1,0,0
4,970,1324.0,126,terminated,1,0,0,1,1324.0,1,2,1,5,1,1,1,3,1,1,0,0,2,1,1,2,1,1,1
4,971,1545.0,105,terminated,2,0,0,1,1545.0,1,3,0,6,2,1,0,3,2,1,0,0,3,2,1,3,2,1,1
4,972,1756.0,94,terminated,2,0,0,2,1756.0,1,4,1,9,2,2,1,5,2,2,0,0,4,2,2,4,2,2,2
4,973,170.0,300,truncated,0,28,0,1,170.0,0,1,1,3,0,1,1,2,0,1,0,0,1,0,1,1,0,1,1
4,974,1525.0,125,terminated,1,0,0,2,1525.0,1,3,1,7,1,2,1,4,1,2,0,1,4,1,2,3,1,2,2
4,975,1549.0,101,terminated,2,0,0,1,1549.0,1,3,1,7,2,1,1,4,2,1,0,0,3,2,1,3,2,1,1
4,976,1547.0,103,terminated,1,0,0,2,1547.0,1,3,1,7,1,2,1,4,1,2,0,0,3,1,2,3,1,2,2
4,977,1169.0,81,terminated,1,0,0,0,1169.0,1,1,1,3,1,0,1,2,1,0,0,0,1,1,0,1,1,0,0
4,978,1537.0,113,terminated,1,0,0,2,1537.0,1,3,1,7,1,2,1,4,1,2,0,4,7,1,2,3,1,2,2
4,979,1494.0,156,terminated,2,0,0,1,1494.0,1,3,1,7,2,1,1,4,2,1,0,0,3,2,1,3,2,1,1
4,980,1546.0,104,terminated,1,0,0,2,1546.0,1,3,1,7,1,2,1,4,1,2,0,0,3,1,2,3,1,2,2
4,981,85.0,135,terminated,1,3,1,0,85.0,0,1,1,3,1,0,1,2,1,0,0,3,4,1,0,1,1,0,0
4,982,1301.0,149,terminated,0,0,0,2,1301.0,1,1,1,4,0,2,1,3,0,2,0,0,2,0,2,2,0,2,2
4,983,1524.0,126,terminated,1,0,0,2,1524.0,1,3,1,7,1,2,1,4,1,2,0,0,3,1,2,3,1,2,2
4,984,1759.0,91,terminated,2,0,0,2,1759.0,1,4,1,9,2,2,1,5,2,2,0,0,4,2,2,4,2,2,2
4,985,1754.0,96,terminated,2,0,0,2,1754.0,1,4,1,9,2,2,1,5,2,2,0,0,4,2,2,4,2,2,2
4,986,1750.0,100,terminated,2,0,0,2,1750.0,1,4,1,9,2,2,1,5,2,2,0,0,4,2,2,4,2,2,2
4,987,1723.0,127,terminated,2,0,0,2,1723.0,1,3,1,8,2,2,1,5,2,2,0,0,4,2,2,4,2,2,2
4,988,1710.0,140,terminated,2,0,0,2,1710.0,1,3,1,8,2,2,1,5,2,2,0,0,4,2,2,4,2,2,2
4,989,-185.0,135,terminated,1,30,1,0,-185.0,0,1,1,3,1,0,1,2,1,0,0,0,1,1,0,1,1,0,0
4,990,-98.0,38,terminated,1,31,1,0,-98.0,0,1,1,3,1,0,1,2,1,0,0,0,1,1,0,1,1,0,0
4,991,1750.0,100,terminated,2,0,0,2,1750.0,1,4,1,9,2,2,1,5,2,2,0,0,4,2,2,4,2,2,2
4,992,-41.0,51,terminated,0,24,1,1,-41.0,0,1,0,2,0,1,0,1,0,1,0,0,1,0,1,1,0,1,1
4,993,1566.0,84,terminated,2,0,0,1,1566.0,1,3,1,7,2,1,1,4,2,1,0,0,3,2,1,3,2,1,1
4,994,1703.0,147,terminated,2,0,0,2,1703.0,1,4,0,8,2,2,0,4,2,2,0,0,4,2,2,4,2,2,2
4,995,-95.0,35,terminated,0,31,1,1,-95.0,0,1,0,2,0,1,0,1,0,1,0,0,1,0,1,1,0,1,1
4,996,1564.0,86,terminated,1,0,0,2,1564.0,1,3,1,7,1,2,1,4,1,2,0,0,3,1,2,3,1,2,2
4,997,1328.0,122,terminated,0,0,0,2,1328.0,1,2,1,5,0,2,1,3,0,2,0,1,3,0,2,2,0,2,2
4,998,1530.0,120,terminated,1,0,0,2,1530.0,1,3,1,7,1,2,1,4,1,2,0,0,3,1,2,3,1,2,2
4,999,1351.0,99,terminated,1,0,0,1,1351.0,1,2,1,5,1,1,1,3,1,1,0,0,2,1,1,2,1,1,1
