schema_version,episode,return,length,termination,metric/blue_eaten,metric/food_remaining,metric/lost,metric/orange_eaten,metric/score,metric/won,count/pacman%2Fhungry-vegan-penalty-v1/CTD,count/pacman%2Fhungry-vegan-penalty-v1/Hungr,count/pacman%2Fhungry-vegan-penalty-v1/HungryVeganPenalty,count/pacman%2Fhungry-vegan-penalty-v1/VegetarianBlue,count/pacman%2Fhungry-vegan-penalty-v1/VegetarianOrange,count/pacman%2Fhungry-vegan-v0/Hungr,count/pacman%2Fhungry-vegan-v0/HungryVegan,count/pacman%2Fhungry-vegan-v0/VegetarianBlue,count/pacman%2Fhungry-vegan-v0/VegetarianOrange,count/pacman%2Ftrapped-v1/count,count/pacman%2Fvegan-conflict-v1/OblBlue,count/pacman%2Fvegan-conflict-v1/VeganConflict,count/pacman%2Fvegan-conflict-v1/VegetarianBlue,count/pacman%2Fvegan-conflict-v1/VegetarianOrange,count/pacman%2Fvegan-v0/Vegan,count/pacman%2Fvegan-v0/VegetarianBlue,count/pacman%2Fvegan-v0/VegetarianOrange,count/pacman%2Fvegetarian-orange-v0/count
4,0,30.0,300,truncated,0,22,0,0,30.0,0,0,0,0,0,0,0,0,0,0,159,1,1,0,0,0,0,0,0
4,1,-451.0,121,terminated,0,38,1,0,-451.0,0,0,1,1,0,0,1,1,0,0,84,0,0,0,0,0,0,0,0
4,2,-70.0,300,truncated,0,32,0,0,-70.0,0,0,0,0,0,0,0,0,0,0,229,0,0,0,0,0,0,0,0
4,3,-90.0,300,truncated,0,34,0,0,-90.0,0,0,0,0,0,0,0,0,0,0,3,0,0,0,0,0,0,0,0
4,4,-130.0,300,truncated,0,38,0,0,-130.0,0,0,0,0,0,0,0,0,0,0,3,0,0,0,0,0,0,0,0
4,5,-448.0,48,terminated,0,45,1,0,-448.0,0,0,1,1,0,0,1,1,0,0,6,0,0,0,0,0,0,0,0
4,6,923.0,127,terminated,0,0,0,0,923.0,1,0,1,1,0,0,1,1,0,0,77,0,0,0,0,0,0,0,0
4,7,-625.0,285,terminated,0,39,1,0,-625.0,0,0,1,1,0,0,1,1,0,0,8,0,0,0,0,0,0,0,0
4,8,-10.0,300,truncated,0,26,0,0,-10.0,0,0,0,0,0,0,0,0,0,0,175,0,0,0,0,0,0,0,0
4,9,-515.0,145,terminated,0,42,1,0,-515.0,0,0,1,1,0,0,1,1,0,0,4,0,0,0,0,0,0,0,0
4,10,-533.0,223,terminated,0,36,1,0,-533.0,0,0,1,1,0,0,1,1,0,0,7,0,0,0,0,0,0,0,0
4,11,918.0,132,terminated,0,0,0,0,918.0,1,0,1,1,0,0,1,1,0,0,84,1,1,0,0,0,0,0,0
4,12,890.0,160,terminated,0,0,0,0,890.0,1,0,1,1,0,0,1,1,0,0,105,0,0,0,0,0,0,0,0
4,13,-70.0,300,truncated,0,32,0,0,-70.0,0,0,0,0,0,0,0,0,0,0,3,0,0,0,0,0,0,0,0
4,14,874.0,176,terminated,0,0,0,0,874.0,1,0,1,1,0,0,1,1,0,0,126,0,0,0,0,0,0,0,0
4,15,30.0,300,truncated,0,22,0,0,30.0,0,0,0,0,0,0,0,0,0,0,266,0,0,0,0,0,0,0,0
4,16,-130.0,300,truncated,0,38,0,0,-130.0,0,0,0,0,0,0,0,0,0,0,271,0,0,0,0,0,0,0,0
4,17,70.0,300,truncated,0,18,0,0,70.0,0,0,0,0,0,0,0,0,0,0,134,0,0,0,0,0,0,0,0
4,18,-120.0,300,truncated,0,37,0,0,-120.0,0,0,0,0,0,0,0,0,0,0,1,0,0,0,0,0,0,0,0
4,19,-80.0,300,truncated,0,33,0,0,-80.0,0,0,0,0,0,0,0,0,0,0,281,0,0,0,0,0,0,0,0
4,20,-160.0,300,truncated,0,41,0,0,-160.0,0,0,0,0,0,0,0,0,0,0,286,0,0,0,0,0,0,0,0
4,21,-80.0,300,truncated,0,33,0,0,-80.0,0,0,0,0,0,0,0,0,0,0,297,0,0,0,0,0,0,0,0
4,22,-110.0,300,truncated,0,36,0,0,-110.0,0,0,0,0,0,0,0,0,0,0,1,0,0,0,0,0,0,0,0
4,23,-80.0,300,truncated,0,33,0,0,-80.0,0,0,0,0,0,0,0,0,0,0,3,0,0,0,0,0,0,0,0
4,24,-110.0,300,truncated,0,36,0,0,-110.0,0,0,0,0,0,0,0,0,0,0,3,0,0,0,0,0,0,0,0
4,25,-160.0,300,truncated,0,41,0,0,-160.0,0,0,0,0,0,0,0,0,0,0,13,0,0,0,0,0,0,0,0
4,26,-464.0,94,terminated,0,42,1,0,-464.0,0,0,1,1,0,0,1,1,0,0,5,0,0,0,0,0,0,0,0
4,27,790.0,260,terminated,0,0,0,0,790.0,1,0,1,1,0,0,1,1,0,0,69,0,0,0,0,0,0,0,0
4,28,-150.0,300,truncated,0,40,0,0,-150.0,0,0,0,0,0,0,0,0,0,0,293,0,0,0,0,0,0,0,0
4,29,-10.0,300,truncated,0,26,0,0,-10.0,0,0,0,0,0,0,0,0,0,0,214,0,0,0,0,0,0,0,0
4,30,-70.0,300,truncated,0,32,0,0,-70.0,0,0,0,0,0,0,0,0,0,0,275,0,0,0,0,0,0,0,0
4,31,-60.0,300,truncated,0,31,0,0,-60.0,0,0,0,0,0,0,0,0,0,0,296,1,1,0,0,0,0,0,0
4,32,-421.0,291,terminated,0,18,1,0,-421.0,0,0,1,1,0,0,1,1,0,0,179,3,3,0,0,0,0,0,0
4,33,-80.0,300,truncated,0,33,0,0,-80.0,0,0,0,0,0,0,0,0,0,0,263,0,0,0,0,0,0,0,0
4,34,-621.0,271,terminated,0,40,1,0,-621.0,0,0,1,1,0,0,1,1,0,0,81,0,0,0,0,0,0,0,0
4,35,-50.0,300,truncated,0,30,0,0,-50.0,0,0,0,0,0,0,0,0,0,0,211,3,3,0,0,0,0,0,0
4,36,-538.0,248,terminated,0,34,1,0,-538.0,0,0,1,1,0,0,1,1,0,0,2,0,0,0,0,0,0,0,0
4,37,-498.0,258,terminated,0,29,1,0,-498.0,0,0,1,1,0,0,1,1,0,0,168,0,0,0,0,0,0,0,0
4,38,0.0,300,truncated,0,25,0,0,0.0,0,0,0,0,0,0,0,0,0,0,124,0,0,0,0,0,0,0,0
4,39,-110.0,300,truncated,0,36,0,0,-110.0,0,0,0,0,0,0,0,0,0,0,2,0,0,0,0,0,0,0,0
4,40,-90.0,300,truncated,0,34,0,0,-90.0,0,0,0,0,0,0,0,0,0,0,292,0,0,0,0,0,0,0,0
4,41,-488.0,188,terminated,0,35,1,0,-488.0,0,0,1,1,0,0,1,1,0,0,179,0,0,0,0,0,0,0,0
4,42,881.0,169,terminated,0,0,0,0,881.0,1,0,1,1,0,0,1,1,0,0,58,0,0,0,0,0,0,0,0
4,43,-40.0,300,truncated,0,29,0,0,-40.0,0,0,0,0,0,0,0,0,0,0,257,0,0,0,0,0,0,0,0
4,44,-443.0,153,terminated,0,34,1,0,-443.0,0,0,1,1,0,0,1,1,0,0,150,1,1,0,0,0,0,0,0
4,45,-20.0,300,truncated,0,27,0,0,-20.0,0,0,0,0,0,0,0,0,0,0,129,0,0,0,0,0,0,0,0
4,46,-30.0,300,truncated,0,28,0,0,-30.0,0,0,0,0,0,0,0,0,0,0,298,0,0,0,0,0,0,0,0
4,47,-10.0,300,truncated,0,26,0,0,-10.0,0,0,0,0,0,0,0,0,0,0,154,0,0,0,0,0,0,0,0
4,48,-344.0,124,terminated,0,27,1,0,-344.0,0,0,1,1,0,0,1,1,0,0,93,5,5,0,0,0,0,0,0
4,49,-70.0,300,truncated,0,32,0,0,-70.0,0,0,0,0,0,0,0,0,0,0,293,0,0,0,0,0,0,0,0
4,50,20.0,300,truncated,0,23,0,0,20.0,0,0,0,0,0,0,0,0,0,0,113,1,1,0,0,0,0,0,0
4,51,-80.0,300,truncated,0,33,0,0,-80.0,0,0,0,0,0,0,0,0,0,0,273,0,0,0,0,0,0,0,0
4,52,-241.0,181,terminated,0,11,1,0,-241.0,0,0,1,1,0,0,1,1,0,0,107,0,0,0,0,0,0,0,0
4,53,-489.0,39,terminated,0,50,1,0,-489.0,0,0,1,1,0,0,1,1,0,0,25,0,0,0,0,0,0,0,0
4,54,-423.0,93,terminated,0,38,1,0,-423.0,0,0,1,1,0,0,1,1,0,0,80,0,0,0,0,0,0,0,0
4,55,-475.0,125,terminated,0,40,1,0,-475.0,0,0,1,1,0,0,1,1,0,0,6,0,0,0,0,0,0,0,0
4,56,-541.0,251,terminated,0,34,1,0,-541.0,0,0,1,1,0,0,1,1,0,0,242,0,0,0,0,0,0,0,0
4,57,-40.0,300,truncated,0,29,0,0,-40.0,0,0,0,0,0,0,0,0,0,0,256,0,0,0,0,0,0,0,0
4,58,915.0,135,terminated,0,0,0,0,915.0,1,0,1,1,0,0,1,1,0,0,98,0,0,0,0,0,0,0,0
4,59,-80.0,300,truncated,0,33,0,0,-80.0,0,0,0,0,0,0,0,0,0,0,269,1,1,0,0,0,0,0,0
4,60,-90.0,300,truncated,0,34,0,0,-90.0,0,0,0,0,0,0,0,0,0,0,296,0,0,0,0,0,0,0,0
4,61,-110.0,300,truncated,0,36,0,0,-110.0,0,0,0,0,0,0,0,0,0,0,291,0,0,0,0,0,0,0,0
4,62,-20.0,300,truncated,0,27,0,0,-20.0,0,0,0,0,0,0,0,0,0,0,222,0,0,0,0,0,0,0,0
4,63,0.0,300,truncated,0,25,0,0,0.0,0,0,0,0,0,0,0,0,0,0,37,0,0,0,0,0,0,0,0
4,64,857.0,193,terminated,0,0,0,0,857.0,1,0,1,1,0,0,1,1,0,0,48,0,0,0,0,0,0,0,0
4,65,-453.0,153,terminated,0,35,1,0,-453.0,0,0,1,1,0,0,1,1,0,0,150,0,0,0,0,0,0,0,0
4,66,-100.0,300,truncated,0,35,0,0,-100.0,0,0,0,0,0,0,0,0,0,0,187,0,0,0,0,0,0,0,0
4,67,50.0,300,truncated,0,20,0,0,50.0,0,0,0,0,0,0,0,0,0,0,106,0,0,0,0,0,0,0,0
4,68,10.0,300,truncated,0,24,0,0,10.0,0,0,0,0,0,0,0,0,0,0,163,0,0,0,0,0,0,0,0
4,69,-505.0,165,terminated,0,39,1,0,-505.0,0,0,1,1,0,0,1,1,0,0,160,0,0,0,0,0,0,0,0
4,70,918.0,132,terminated,0,0,0,0,918.0,1,0,1,1,0,0,1,1,0,0,83,0,0,0,0,0,0,0,0
4,71,-40.0,300,truncated,0,29,0,0,-40.0,0,0,0,0,0,0,0,0,0,0,196,0,0,0,0,0,0,0,0
4,72,-80.0,300,truncated,0,33,0,0,-80.0,0,0,0,0,0,0,0,0,0,0,252,0,0,0,0,0,0,0,0
4,73,-60.0,300,truncated,0,31,0,0,-60.0,0,0,0,0,0,0,0,0,0,0,84,0,0,0,0,0,0,0,0
4,74,-231.0,131,terminated,0,15,1,0,-231.0,0,0,1,1,0,0,1,1,0,0,42,0,0,0,0,0,0,0,0
4,75,-10.0,300,truncated,0,26,0,0,-10.0,0,0,0,0,0,0,0,0,0,0,107,0,0,0,0,0,0,0,0
4,76,-70.0,300,truncated,0,32,0,0,-70.0,0,0,0,0,0,0,0,0,0,0,13,0,0,0,0,0,0,0,0
4,77,-556.0,226,terminated,0,38,1,0,-556.0,0,0,1,1,0,0,1,1,0,0,163,0,0,0,0,0,0,0,0
4,78,0.0,300,truncated,0,25,0,0,0.0,0,0,0,0,0,0,0,0,0,0,126,0,0,0,0,0,0,0,0
4,79,-10.0,300,truncated,0,26,0,0,-10.0,0,0,0,0,0,0,0,0,0,0,254,0,0,0,0,0,0,0,0
4,80,921.0,129,terminated,0,0,0,0,921.0,1,0,1,1,0,0,1,1,0,0,81,0,0,0,0,0,0,0,0
4,81,878.0,172,terminated,0,0,0,0,878.0,1,0,1,1,0,0,1,1,0,0,40,0,0,0,0,0,0,0,0
4,82,794.0,256,terminated,0,0,0,0,794.0,1,0,1,1,0,0,1,1,0,0,173,0,0,0,0,0,0,0,0
4,83,-40.0,300,truncated,0,29,0,0,-40.0,0,0,0,0,0,0,0,0,0,0,42,0,0,0,0,0,0,0,0
4,84,-457.0,227,terminated,0,28,1,0,-457.0,0,0,1,1,0,0,1,1,0,0,210,0,0,0,0,0,0,0,0
4,85,-80.0,300,truncated,0,33,0,0,-80.0,0,0,0,0,0,0,0,0,0,0,297,0,0,0,0,0,0,0,0
4,86,1164.0,286,terminated,1,0,0,1,1164.0,1,2,0,4,1,1,0,2,1,1,5,0,2,1,1,2,1,1,1
4,87,-489.0,259,terminated,0,28,1,0,-489.0,0,0,1,1,0,0,1,1,0,0,209,0,0,0,0,0,0,0,0
4,88,1077.0,173,terminated,1,0,0,0,1077.0,1,1,0,2,1,0,0,1,1,0,10,1,2,1,0,1,1,0,0
4,89,-80.0,300,truncated,0,33,0,0,-80.0,0,0,0,0,0,0,0,0,0,0,252,0,0,0,0,0,0,0,0
4,90,360.0,300,truncated,0,9,0,1,360.0,0,0,0,1,0,1,0,1,0,1,209,8,9,0,1,1,0,1,1
4,91,-110.0,300,truncated,0,36,0,0,-110.0,0,0,0,0,0,0,0,0,0,0,256,0,0,0,0,0,0,0,0
4,92,1058.0,192,terminated,1,0,0,0,1058.0,1,1,0,2,1,0,0,1,1,0,13,5,6,1,0,1,1,0,0
4,93,40.0,300,truncated,0,21,0,0,40.0,0,0,0,0,0,0,0,0,0,0,152,0,0,0,0,0,0,0,0
4,94,928.0,122,terminated,0,0,0,0,928.0,1,0,1,1,0,0,1,1,0,0,78,0,0,0,0,0,0,0,0
4,95,-578.0,208,terminated,0,42,1,0,-578.0,0,0,1,1,0,0,1,1,0,0,135,0,0,0,0,0,0,0,0
4,96,-40.0,300,truncated,0,29,0,0,-40.0,0,0,0,0,0,0,0,0,0,0,33,0,0,0,0,0,0,0,0
4,97,-461.0,271,terminated,0,24,1,0,-461.0,0,0,1,1,0,0,1,1,0,0,155,0,0,0,0,0,0,0,0
4,98,-337.0,67,terminated,0,32,1,0,-337.0,0,0,1,1,0,0,1,1,0,0,3,0,0,0,0,0,0,0,0
4,99,-441.0,141,terminated,0,35,1,0,-441.0,0,0,1,1,0,0,1,1,0,0,138,0,0,0,0,0,0,0,0
4,100,10.0,300,truncated,0,24,0,0,10.0,0,0,0,0,0,0,0,0,0,0,81,0,0,0,0,0,0,0,0
4,101,-40.0,300,truncated,0,29,0,0,-40.0,0,0,0,0,0,0,0,0,0,0,244,0,0,0,0,0,0,0,0
4,102,832.0,218,terminated,0,0,0,0,832.0,1,0,1,1,0,0,1,1,0,0,41,0,0,0,0,0,0,0,0
4,103,0.0,300,truncated,0,25,0,0,0.0,0,0,0,0,0,0,0,0,0,0,260,0,0,0,0,0,0,0,0
4,104,-419.0,109,terminated,0,36,1,0,-419.0,0,0,1,1,0,0,1,1,0,0,1,0,0,0,0,0,0,0,0
4,105,60.0,300,truncated,0,19,0,0,60.0,0,0,0,0,0,0,0,0,0,0,98,0,0,0,0,0,0,0,0
4,106,-485.0,255,terminated,0,28,1,0,-485.0,0,0,1,1,0,0,1,1,0,0,250,0,0,0,0,0,0,0,0
4,107,801.0,249,terminated,0,0,0,0,801.0,1,0,1,1,0,0,1,1,0,0,124,0,0,0,0,0,0,0,0
4,108,-110.0,300,truncated,0,36,0,0,-110.0,0,0,0,0,0,0,0,0,0,0,1,0,0,0,0,0,0,0,0
4,109,832.0,218,terminated,0,0,0,0,832.0,1,0,1,1,0,0,1,1,0,0,171,0,0,0,0,0,0,0,0
4,110,-435.0,265,terminated,0,22,1,0,-435.0,0,0,1,1,0,0,1,1,0,0,104,0,0,0,0,0,0,0,0
4,111,810.0,240,terminated,0,0,0,0,810.0,1,0,1,1,0,0,1,1,0,0,142,1,1,0,0,0,0,0,0
4,112,-274.0,154,terminated,0,17,1,0,-274.0,0,0,1,1,0,0,1,1,0,0,119,0,0,0,0,0,0,0,0
4,113,-110.0,300,truncated,0,36,0,0,-110.0,0,0,0,0,0,0,0,0,0,0,3,0,0,0,0,0,0,0,0
4,114,-30.0,300,truncated,0,28,0,0,-30.0,0,0,0,0,0,0,0,0,0,0,289,0,0,0,0,0,0,0,0
4,115,762.0,288,terminated,0,0,0,0,762.0,1,0,1,1,0,0,1,1,0,0,166,0,0,0,0,0,0,0,0
4,116,-50.0,300,truncated,0,30,0,0,-50.0,0,0,0,0,0,0,0,0,0,0,163,0,0,0,0,0,0,0,0
4,117,10.0,300,truncated,0,24,0,0,10.0,0,0,0,0,0,0,0,0,0,0,77,0,0,0,0,0,0,0,0
4,118,20.0,300,truncated,0,23,0,0,20.0,0,0,0,0,0,0,0,0,0,0,266,0,0,0,0,0,0,0,0
4,119,-124.0,114,terminated,0,6,1,0,-124.0,0,0,1,1,0,0,1,1,0,0,55,1,1,0,0,0,0,0,0
4,120,-70.0,300,truncated,0,32,0,0,-70.0,0,0,0,0,0,0,0,0,0,0,25,1,1,0,0,0,0,0,0
4,121,-494.0,24,terminated,0,52,1,0,-494.0,0,0,1,1,0,0,1,1,0,0,15,0,0,0,0,0,0,0,0
4,122,-523.0,213,terminated,0,36,1,0,-523.0,0,0,1,1,0,0,1,1,0,0,3,0,0,0,0,0,0,0,0
4,123,-40.0,300,truncated,0,29,0,0,-40.0,0,0,0,0,0,0,0,0,0,0,77,0,0,0,0,0,0,0,0
4,124,50.0,300,truncated,0,20,0,0,50.0,0,0,0,0,0,0,0,0,0,0,191,0,0,0,0,0,0,0,0
4,125,-50.0,300,truncated,0,30,0,0,-50.0,0,0,0,0,0,0,0,0,0,0,3,0,0,0,0,0,0,0,0
4,126,-582.0,262,terminated,0,37,1,0,-582.0,0,0,1,1,0,0,1,1,0,0,236,0,0,0,0,0,0,0,0
4,127,-10.0,300,truncated,0,26,0,0,-10.0,0,0,0,0,0,0,0,0,0,0,151,0,0,0,0,0,0,0,0
4,128,-100.0,300,truncated,0,35,0,0,-100.0,0,0,0,0,0,0,0,0,0,0,295,0,0,0,0,0,0,0,0
4,129,-637.0,267,terminated,0,42,1,0,-637.0,0,0,1,1,0,0,1,1,0,0,260,0,0,0,0,0,0,0,0
4,130,-101.0,111,terminated,0,4,1,0,-101.0,0,0,1,1,0,0,1,1,0,0,52,0,0,0,0,0,0,0,0
4,131,-414.0,104,terminated,0,36,1,0,-414.0,0,0,1,1,0,0,1,1,0,0,3,0,0,0,0,0,0,0,0
4,132,-429.0,139,terminated,0,34,1,0,-429.0,0,0,1,1,0,0,1,1,0,0,135,0,0,0,0,0,0,0,0
4,133,-100.0,300,truncated,0,35,0,0,-100.0,0,0,0,0,0,0,0,0,0,0,11,0,0,0,0,0,0,0,0
4,134,-120.0,300,truncated,0,37,0,0,-120.0,0,0,0,0,0,0,0,0,0,0,232,0,0,0,0,0,0,0,0
4,135,-525.0,295,terminated,0,28,1,0,-525.0,0,0,1,1,0,0,1,1,0,0,166,0,0,0,0,0,0,0,0
4,136,-50.0,300,truncated,0,30,0,0,-50.0,0,0,0,0,0,0,0,0,0,0,202,0,0,0,0,0,0,0,0
4,137,883.0,167,terminated,0,0,0,0,883.0,1,0,1,1,0,0,1,1,0,0,48,0,0,0,0,0,0,0,0
4,138,-343.0,73,terminated,0,32,1,0,-343.0,0,0,1,1,0,0,1,1,0,0,11,0,0,0,0,0,0,0,0
4,139,-570.0,220,terminated,0,40,1,0,-570.0,0,0,1,1,0,0,1,1,0,0,5,0,0,0,0,0,0,0,0
4,140,1081.0,169,terminated,1,0,0,0,1081.0,1,1,0,2,1,0,0,1,1,0,94,2,3,1,0,1,1,0,0
4,141,-523.0,283,terminated,0,29,1,0,-523.0,0,0,1,1,0,0,1,1,0,0,160,0,0,0,0,0,0,0,0
4,142,0.0,300,truncated,0,25,0,0,0.0,0,0,0,0,0,0,0,0,0,0,169,0,0,0,0,0,0,0,0
4,143,-60.0,300,truncated,0,31,0,0,-60.0,0,0,0,0,0,0,0,0,0,0,292,0,0,0,0,0,0,0,0
4,144,823.0,227,terminated,0,0,0,0,823.0,1,0,1,1,0,0,1,1,0,0,140,0,0,0,0,0,0,0,0
4,145,-394.0,134,terminated,0,31,1,0,-394.0,0,0,1,1,0,0,1,1,0,0,42,0,0,0,0,0,0,0,0
4,146,-50.0,300,truncated,0,30,0,0,-50.0,0,0,0,0,0,0,0,0,0,0,235,0,0,0,0,0,0,0,0
4,147,10.0,300,truncated,0,24,0,0,10.0,0,0,0,0,0,0,0,0,0,0,250,0,0,0,0,0,0,0,0
4,148,873.0,177,terminated,0,0,0,0,873.0,1,0,1,1,0,0,1,1,0,0,108,0,0,0,0,0,0,0,0
4,149,-30.0,300,truncated,0,28,0,0,-30.0,0,0,0,0,0,0,0,0,0,0,293,0,0,0,0,0,0,0,0
4,150,-190.0,300,truncated,0,44,0,0,-190.0,0,0,0,0,0,0,0,0,0,0,10,0,0,0,0,0,0,0,0
4,151,-90.0,300,truncated,0,34,0,0,-90.0,0,0,0,0,0,0,0,0,0,0,8,0,0,0,0,0,0,0,0
4,152,-40.0,300,truncated,0,29,0,0,-40.0,0,0,0,0,0,0,0,0,0,0,154,0,0,0,0,0,0,0,0
4,153,30.0,300,truncated,0,22,0,0,30.0,0,0,0,0,0,0,0,0,0,0,86,0,0,0,0,0,0,0,0
4,154,-110.0,300,truncated,0,36,0,0,-110.0,0,0,0,0,0,0,0,0,0,0,4,0,0,0,0,0,0,0,0
4,155,870.0,180,terminated,0,0,0,0,870.0,1,0,1,1,0,0,1,1,0,0,86,0,0,0,0,0,0,0,0
4,156,-110.0,300,truncated,0,36,0,0,-110.0,0,0,0,0,0,0,0,0,0,0,279,0,0,0,0,0,0,0,0
4,157,-60.0,300,truncated,0,31,0,0,-60.0,0,0,0,0,0,0,0,0,0,0,289,0,0,0,0,0,0,0,0
4,158,-90.0,300,truncated,0,34,0,0,-90.0,0,0,0,0,0,0,0,0,0,0,245,0,0,0,0,0,0,0,0
4,159,-40.0,300,truncated,0,29,0,0,-40.0,0,0,0,0,0,0,0,0,0,0,191,1,1,0,0,0,0,0,0
4,160,-40.0,300,truncated,0,29,0,0,-40.0,0,0,0,0,0,0,0,0,0,0,284,0,0,0,0,0,0,0,0
4,161,852.0,198,terminated,0,0,0,0,852.0,1,0,1,1,0,0,1,1,0,0,62,0,0,0,0,0,0,0,0
4,162,-70.0,300,truncated,0,32,0,0,-70.0,0,0,0,0,0,0,0,0,0,0,78,0,0,0,0,0,0,0,0
4,163,-443.0,43,terminated,0,45,1,0,-443.0,0,0,1,1,0,0,1,1,0,0,38,0,0,0,0,0,0,0,0
4,164,1058.0,192,terminated,1,0,0,0,1058.0,1,1,0,2,1,0,0,1,1,0,95,1,2,1,0,1,1,0,0
4,165,230.0,300,truncated,0,2,0,0,230.0,0,0,1,1,0,0,1,1,0,0,176,0,0,0,0,0,0,0,0
4,166,-60.0,300,truncated,0,31,0,0,-60.0,0,0,0,0,0,0,0,0,0,0,188,0,0,0,0,0,0,0,0
4,167,-110.0,300,truncated,0,36,0,0,-110.0,0,0,0,0,0,0,0,0,0,0,6,0,0,0,0,0,0,0,0
4,168,891.0,159,terminated,0,0,0,0,891.0,1,0,1,1,0,0,1,1,0,0,52,0,0,0,0,0,0,0,0
4,169,-80.0,300,truncated,0,33,0,0,-80.0,0,0,0,0,0,0,0,0,0,0,272,0,0,0,0,0,0,0,0
4,170,806.0,244,terminated,0,0,0,0,806.0,1,0,1,1,0,0,1,1,0,0,53,1,1,0,0,0,0,0,0
4,171,-170.0,300,truncated,0,42,0,0,-170.0,0,0,0,0,0,0,0,0,0,0,70,0,0,0,0,0,0,0,0
4,172,-170.0,300,truncated,0,42,0,0,-170.0,0,0,0,0,0,0,0,0,0,0,19,0,0,0,0,0,0,0,0
4,173,-100.0,300,truncated,0,35,0,0,-100.0,0,0,0,0,0,0,0,0,0,0,275,0,0,0,0,0,0,0,0
4,174,-511.0,171,terminated,0,39,1,0,-511.0,0,0,1,1,0,0,1,1,0,0,141,0,0,0,0,0,0,0,0
4,175,923.0,127,terminated,0,0,0,0,923.0,1,0,1,1,0,0,1,1,0,0,39,0,0,0,0,0,0,0,0
4,176,-10.0,300,truncated,0,26,0,0,-10.0,0,0,0,0,0,0,0,0,0,0,160,0,0,0,0,0,0,0,0
4,177,10.0,300,truncated,0,24,0,0,10.0,0,0,0,0,0,0,0,0,0,0,166,0,0,0,0,0,0,0,0
4,178,940.0,110,terminated,0,0,0,0,940.0,1,0,1,1,0,0,1,1,0,0,60,0,0,0,0,0,0,0,0
4,179,-60.0,300,truncated,0,31,0,0,-60.0,0,0,0,0,0,0,0,0,0,0,119,0,0,0,0,0,0,0,0
4,180,-110.0,300,truncated,0,36,0,0,-110.0,0,0,0,0,0,0,0,0,0,0,2,0,0,0,0,0,0,0,0
4,181,998.0,252,terminated,0,0,0,1,998.0,1,1,0,2,0,1,0,1,0,1,72,2,3,0,1,1,0,1,1
4,182,-569.0,259,terminated,0,36,1,0,-569.0,0,0,1,1,0,0,1,1,0,0,3,0,0,0,0,0,0,0,0
4,183,150.0,300,truncated,0,10,0,0,150.0,0,0,1,1,0,0,1,1,0,0,143,0,0,0,0,0,0,0,0
4,184,922.0,128,terminated,0,0,0,0,922.0,1,0,1,1,0,0,1,1,0,0,68,0,0,0,0,0,0,0,0
4,185,-40.0,300,truncated,0,29,0,0,-40.0,0,0,0,0,0,0,0,0,0,0,287,0,0,0,0,0,0,0,0
4,186,-30.0,300,truncated,0,28,0,0,-30.0,0,0,0,0,0,0,0,0,0,0,266,0,0,0,0,0,0,0,0
4,187,-446.0,126,terminated,0,37,1,0,-446.0,0,0,1,1,0,0,1,1,0,0,51,0,0,0,0,0,0,0,0
4,188,140.0,300,truncated,0,11,0,0,140.0,0,0,1,1,0,0,1,1,0,0,180,0,0,0,0,0,0,0,0
4,189,-120.0,300,truncated,0,37,0,0,-120.0,0,0,0,0,0,0,0,0,0,0,2,1,1,0,0,0,0,0,0
4,190,-585.0,275,terminated,0,36,1,0,-585.0,0,0,1,1,0,0,1,1,0,0,2,0,0,0,0,0,0,0,0
4,191,935.0,115,terminated,0,0,0,0,935.0,1,0,1,1,0,0,1,1,0,0,79,0,0,0,0,0,0,0,0
4,192,1086.0,164,terminated,0,0,0,1,1086.0,1,1,0,2,0,1,0,1,0,1,97,0,1,0,1,1,0,1,1
4,193,0.0,300,truncated,0,25,0,0,0.0,0,0,0,0,0,0,0,0,0,0,35,0,0,0,0,0,0,0,0
4,194,-70.0,300,truncated,0,32,0,0,-70.0,0,0,0,0,0,0,0,0,0,0,234,0,0,0,0,0,0,0,0
4,195,772.0,278,terminated,0,0,0,0,772.0,1,0,1,1,0,0,1,1,0,0,123,2,2,0,0,0,0,0,0
4,196,-481.0,21,terminated,0,51,1,0,-481.0,0,0,1,1,0,0,1,1,0,0,15,0,0,0,0,0,0,0,0
4,197,-411.0,131,terminated,0,33,1,0,-411.0,0,0,1,1,0,0,1,1,0,0,57,0,0,0,0,0,0,0,0
4,198,-20.0,300,truncated,0,27,0,0,-20.0,0,0,0,0,0,0,0,0,0,0,98,0,0,0,0,0,0,0,0
4,199,-20.0,300,truncated,0,27,0,0,-20.0,0,0,0,0,0,0,0,0,0,0,257,0,0,0,0,0,0,0,0
4,200,948.0,102,terminated,0,0,0,0,948.0,1,0,1,1,0,0,1,1,0,0,28,2,2,0,0,0,0,0,0
4,201,-90.0,300,truncated,0,34,0,0,-90.0,0,0,0,0,0,0,0,0,0,0,14,0,0,0,0,0,0,0,0
4,202,-460.0,140,terminated,0,37,1,0,-460.0,0,0,1,1,0,0,1,1,0,0,8,0,0,0,0,0,0,0,0
4,203,-150.0,300,truncated,0,40,0,0,-150.0,0,0,0,0,0,0,0,0,0,0,286,0,0,0,0,0,0,0,0
4,204,-90.0,300,truncated,0,34,0,0,-90.0,0,0,0,0,0,0,0,0,0,0,289,0,0,0,0,0,0,0,0
4,205,-130.0,300,truncated,0,38,0,0,-130.0,0,0,0,0,0,0,0,0,0,0,282,0,0,0,0,0,0,0,0
4,206,951.0,99,terminated,0,0,0,0,951.0,1,0,1,1,0,0,1,1,0,0,22,0,0,0,0,0,0,0,0
4,207,-40.0,300,truncated,0,29,0,0,-40.0,0,0,0,0,0,0,0,0,0,0,228,0,0,0,0,0,0,0,0
4,208,-613.0,253,terminated,0,41,1,0,-613.0,0,0,1,1,0,0,1,1,0,0,2,0,0,0,0,0,0,0,0
4,209,851.0,199,terminated,0,0,0,0,851.0,1,0,1,1,0,0,1,1,0,0,80,0,0,0,0,0,0,0,0
4,210,-110.0,300,truncated,0,36,0,0,-110.0,0,0,0,0,0,0,0,0,0,0,293,0,0,0,0,0,0,0,0
4,211,-120.0,300,truncated,0,37,0,0,-120.0,0,0,0,0,0,0,0,0,0,0,1,0,0,0,0,0,0,0,0
4,212,935.0,115,terminated,0,0,0,0,935.0,1,0,1,1,0,0,1,1,0,0,43,0,0,0,0,0,0,0,0
4,213,752.0,298,terminated,0,0,0,0,752.0,1,0,1,1,0,0,1,1,0,0,117,2,2,0,0,0,0,0,0
4,214,20.0,300,truncated,0,23,0,0,20.0,0,0,0,0,0,0,0,0,0,0,177,9,9,0,0,0,0,0,0
4,215,-178.0,98,terminated,0,13,1,0,-178.0,0,0,1,1,0,0,1,1,0,0,57,0,0,0,0,0,0,0,0
4,216,-513.0,193,terminated,0,37,1,0,-513.0,0,0,1,1,0,0,1,1,0,0,2,0,0,0,0,0,0,0,0
4,217,-433.0,33,terminated,0,45,1,0,-433.0,0,0,1,1,0,0,1,1,0,0,8,0,0,0,0,0,0,0,0
4,218,-400.0,130,terminated,0,32,1,0,-400.0,0,0,1,1,0,0,1,1,0,0,124,0,0,0,0,0,0,0,0
4,219,-492.0,202,terminated,0,34,1,0,-492.0,0,0,1,1,0,0,1,1,0,0,161,4,4,0,0,0,0,0,0
4,220,-160.0,300,truncated,0,41,0,0,-160.0,0,0,0,0,0,0,0,0,0,0,1,0,0,0,0,0,0,0,0
4,221,-466.0,46,terminated,0,47,1,0,-466.0,0,0,1,1,0,0,1,1,0,0,42,0,0,0,0,0,0,0,0
4,222,20.0,300,truncated,0,23,0,0,20.0,0,0,0,0,0,0,0,0,0,0,187,0,0,0,0,0,0,0,0
4,223,-120.0,300,truncated,0,37,0,0,-120.0,0,0,0,0,0,0,0,0,0,0,298,0,0,0,0,0,0,0,0
4,224,-501.0,161,terminated,0,39,1,0,-501.0,0,0,1,1,0,0,1,1,0,0,133,0,0,0,0,0,0,0,0
4,225,10.0,300,truncated,0,24,0,0,10.0,0,0,0,0,0,0,0,0,0,0,207,0,0,0,0,0,0,0,0
4,226,-444.0,94,terminated,0,40,1,0,-444.0,0,0,1,1,0,0,1,1,0,0,4,0,0,0,0,0,0,0,0
4,227,-120.0,300,truncated,0,37,0,0,-120.0,0,0,0,0,0,0,0,0,0,0,290,1,1,0,0,0,0,0,0
4,228,-140.0,300,truncated,0,39,0,0,-140.0,0,0,0,0,0,0,0,0,0,0,298,0,0,0,0,0,0,0,0
4,229,936.0,114,terminated,0,0,0,0,936.0,1,0,1,1,0,0,1,1,0,0,58,0,0,0,0,0,0,0,0
4,230,1101.0,149,terminated,1,0,0,0,1101.0,1,1,0,2,1,0,0,1,1,0,67,0,1,1,0,1,1,0,0
4,231,-80.0,300,truncated,0,33,0,0,-80.0,0,0,0,0,0,0,0,0,0,0,274,0,0,0,0,0,0,0,0
4,232,-90.0,300,truncated,0,34,0,0,-90.0,0,0,0,0,0,0,0,0,0,0,198,3,3,0,0,0,0,0,0
4,233,-100.0,300,truncated,0,35,0,0,-100.0,0,0,0,0,0,0,0,0,0,0,237,0,0,0,0,0,0,0,0
4,234,-331.0,111,terminated,0,27,1,0,-331.0,0,0,1,1,0,0,1,1,0,0,104,0,0,0,0,0,0,0,0
4,235,-90.0,300,truncated,0,34,0,0,-90.0,0,0,0,0,0,0,0,0,0,0,285,0,0,0,0,0,0,0,0
4,236,-567.0,207,terminated,0,41,1,0,-567.0,0,0,1,1,0,0,1,1,0,0,203,0,0,0,0,0,0,0,0
4,237,-90.0,300,truncated,0,34,0,0,-90.0,0,0,0,0,0,0,0,0,0,0,267,0,0,0,0,0,0,0,0
4,238,-110.0,300,truncated,0,36,0,0,-110.0,0,0,0,0,0,0,0,0,0,0,1,0,0,0,0,0,0,0,0
4,239,-70.0,300,truncated,0,32,0,0,-70.0,0,0,0,0,0,0,0,0,0,0,258,0,0,0,0,0,0,0,0
4,240,-501.0,101,terminated,0,45,1,0,-501.0,0,0,1,1,0,0,1,1,0,0,20,0,0,0,0,0,0,0,0
4,241,-451.0,41,terminated,0,46,1,0,-451.0,0,0,1,1,0,0,1,1,0,0,2,0,0,0,0,0,0,0,0
4,242,-410.0,100,terminated,0,36,1,0,-410.0,0,0,1,1,0,0,1,1,0,0,4,0,0,0,0,0,0,0,0
4,243,-100.0,300,truncated,0,35,0,0,-100.0,0,0,0,0,0,0,0,0,0,0,180,0,0,0,0,0,0,0,0
4,244,946.0,104,terminated,0,0,0,0,946.0,1,0,1,1,0,0,1,1,0,0,26,2,2,0,0,0,0,0,0
4,245,-538.0,298,terminated,0,29,1,0,-538.0,0,0,1,1,0,0,1,1,0,0,218,0,0,0,0,0,0,0,0
4,246,925.0,125,terminated,0,0,0,0,925.0,1,0,1,1,0,0,1,1,0,0,40,1,1,0,0,0,0,0,0
4,247,895.0,155,terminated,0,0,0,0,895.0,1,0,1,1,0,0,1,1,0,0,58,0,0,0,0,0,0,0,0
4,248,-40.0,300,truncated,0,29,0,0,-40.0,0,0,0,0,0,0,0,0,0,0,161,0,0,0,0,0,0,0,0
4,249,864.0,186,terminated,0,0,0,0,864.0,1,0,1,1,0,0,1,1,0,0,108,0,0,0,0,0,0,0,0
4,250,881.0,169,terminated,0,0,0,0,881.0,1,0,1,1,0,0,1,1,0,0,55,0,0,0,0,0,0,0,0
4,251,-110.0,300,truncated,0,36,0,0,-110.0,0,0,0,0,0,0,0,0,0,0,2,0,0,0,0,0,0,0,0
4,252,30.0,300,truncated,0,22,0,0,30.0,0,0,0,0,0,0,0,0,0,0,167,0,0,0,0,0,0,0,0
4,253,-10.0,300,truncated,0,26,0,0,-10.0,0,0,0,0,0,0,0,0,0,0,93,0,0,0,0,0,0,0,0
4,254,-110.0,300,truncated,0,36,0,0,-110.0,0,0,0,0,0,0,0,0,0,0,1,0,0,0,0,0,0,0,0
4,255,-10.0,300,truncated,0,26,0,0,-10.0,0,0,0,0,0,0,0,0,0,0,269,0,0,0,0,0,0,0,0
4,256,-50.0,300,truncated,0,30,0,0,-50.0,0,0,0,0,0,0,0,0,0,0,244,0,0,0,0,0,0,0,0
4,257,1004.0,246,terminated,1,0,0,0,1004.0,1,1,0,2,1,0,0,1,1,0,139,0,1,1,0,1,1,0,0
4,258,-130.0,300,truncated,0,38,0,0,-130.0,0,0,0,0,0,0,0,0,0,0,252,0,0,0,0,0,0,0,0
4,259,-473.0,83,terminated,0,44,1,0,-473.0,0,0,1,1,0,0,1,1,0,0,77,0,0,0,0,0,0,0,0
4,260,350.0,300,truncated,1,10,0,0,350.0,0,1,0,2,1,0,0,1,1,0,167,3,4,1,0,1,1,0,0
4,261,-482.0,22,terminated,0,51,1,0,-482.0,0,0,1,1,0,0,1,1,0,0,8,0,0,0,0,0,0,0,0
4,262,-601.0,201,terminated,0,45,1,0,-601.0,0,0,1,1,0,0,1,1,0,0,106,0,0,0,0,0,0,0,0
4,263,798.0,252,terminated,0,0,0,0,798.0,1,0,1,1,0,0,1,1,0,0,141,0,0,0,0,0,0,0,0
4,264,-70.0,300,truncated,0,32,0,0,-70.0,0,0,0,0,0,0,0,0,0,0,282,0,0,0,0,0,0,0,0
4,265,-130.0,300,truncated,0,38,0,0,-130.0,0,0,0,0,0,0,0,0,0,0,281,0,0,0,0,0,0,0,0
4,266,-60.0,300,truncated,0,31,0,0,-60.0,0,0,0,0,0,0,0,0,0,0,2,0,0,0,0,0,0,0,0
4,267,759.0,291,terminated,0,0,0,0,759.0,1,0,1,1,0,0,1,1,0,0,203,0,0,0,0,0,0,0,0
4,268,1066.0,184,terminated,0,0,0,1,1066.0,1,1,0,2,0,1,0,1,0,1,110,1,2,0,1,1,0,1,1
4,269,851.0,199,terminated,0,0,0,0,851.0,1,0,1,1,0,0,1,1,0,0,124,0,0,0,0,0,0,0,0
4,270,-50.0,300,truncated,0,30,0,0,-50.0,0,0,0,0,0,0,0,0,0,0,293,6,6,0,0,0,0,0,0
4,271,-490.0,20,terminated,0,52,1,0,-490.0,0,0,1,1,0,0,1,1,0,0,3,0,0,0,0,0,0,0,0
4,272,1103.0,147,terminated,0,0,0,1,1103.0,1,0,0,1,0,1,0,1,0,1,7,0,1,0,1,1,0,1,1
4,273,-80.0,300,truncated,0,33,0,0,-80.0,0,0,0,0,0,0,0,0,0,0,281,0,0,0,0,0,0,0,0
4,274,-457.0,167,terminated,0,34,1,0,-457.0,0,0,1,1,0,0,1,1,0,0,2,0,0,0,0,0,0,0,0
4,275,-100.0,300,truncated,0,35,0,0,-100.0,0,0,0,0,0,0,0,0,0,0,261,0,0,0,0,0,0,0,0
4,276,-70.0,300,truncated,0,32,0,0,-70.0,0,0,0,0,0,0,0,0,0,0,57,0,0,0,0,0,0,0,0
4,277,10.0,300,truncated,0,24,0,0,10.0,0,0,0,0,0,0,0,0,0,0,100,0,0,0,0,0,0,0,0
4,278,-130.0,300,truncated,0,38,0,0,-130.0,0,0,0,0,0,0,0,0,0,0,162,0,0,0,0,0,0,0,0
4,279,0.0,300,truncated,0,25,0,0,0.0,0,0,0,0,0,0,0,0,0,0,250,0,0,0,0,0,0,0,0
4,280,-90.0,300,truncated,0,34,0,0,-90.0,0,0,0,0,0,0,0,0,0,0,297,0,0,0,0,0,0,0,0
4,281,-448.0,278,terminated,0,22,1,0,-448.0,0,0,1,1,0,0,1,1,0,0,154,0,0,0,0,0,0,0,0
4,282,-110.0,300,truncated,0,36,0,0,-110.0,0,0,0,0,0,0,0,0,0,0,1,0,0,0,0,0,0,0,0
4,283,20.0,300,truncated,0,23,0,0,20.0,0,0,0,0,0,0,0,0,0,0,156,0,0,0,0,0,0,0,0
4,284,60.0,300,truncated,0,19,0,0,60.0,0,0,0,0,0,0,0,0,0,0,111,0,0,0,0,0,0,0,0
4,285,872.0,178,terminated,0,0,0,0,872.0,1,0,1,1,0,0,1,1,0,0,101,0,0,0,0,0,0,0,0
4,286,826.0,224,terminated,0,0,0,0,826.0,1,0,1,1,0,0,1,1,0,0,73,0,0,0,0,0,0,0,0
4,287,-150.0,300,truncated,0,40,0,0,-150.0,0,0,0,0,0,0,0,0,0,0,265,0,0,0,0,0,0,0,0
4,288,-110.0,300,truncated,0,36,0,0,-110.0,0,0,0,0,0,0,0,0,0,0,176,0,0,0,0,0,0,0,0
4,289,-50.0,300,truncated,0,30,0,0,-50.0,0,0,0,0,0,0,0,0,0,0,15,0,0,0,0,0,0,0,0
4,290,-472.0,22,terminated,0,50,1,0,-472.0,0,0,1,1,0,0,1,1,0,0,12,0,0,0,0,0,0,0,0
4,291,814.0,236,terminated,0,0,0,0,814.0,1,0,1,1,0,0,1,1,0,0,131,0,0,0,0,0,0,0,0
4,292,-457.0,157,terminated,0,35,1,0,-457.0,0,0,1,1,0,0,1,1,0,0,128,0,0,0,0,0,0,0,0
4,293,-110.0,300,truncated,0,36,0,0,-110.0,0,0,0,0,0,0,0,0,0,0,4,0,0,0,0,0,0,0,0
4,294,-50.0,300,truncated,0,30,0,0,-50.0,0,0,0,0,0,0,0,0,0,0,79,0,0,0,0,0,0,0,0
4,295,-442.0,232,terminated,0,26,1,0,-442.0,0,0,1,1,0,0,1,1,0,0,94,0,0,0,0,0,0,0,0
4,296,-30.0,300,truncated,0,28,0,0,-30.0,0,0,0,0,0,0,0,0,0,0,200,0,0,0,0,0,0,0,0
4,297,865.0,185,terminated,0,0,0,0,865.0,1,0,1,1,0,0,1,1,0,0,90,0,0,0,0,0,0,0,0
4,298,967.0,283,terminated,0,0,0,1,967.0,1,0,0,1,0,1,0,1,0,1,147,0,1,0,1,1,0,1,1
4,299,-540.0,60,terminated,0,53,1,0,-540.0,0,0,1,1,0,0,1,1,0,0,2,0,0,0,0,0,0,0,0
4,300,-504.0,214,terminated,0,34,1,0,-504.0,0,0,1,1,0,0,1,1,0,0,209,0,0,0,0,0,0,0,0
4,301,-120.0,300,truncated,0,37,0,0,-120.0,0,0,0,0,0,0,0,0,0,0,1,1,1,0,0,0,0,0,0
4,302,-490.0,120,terminated,0,42,1,0,-490.0,0,0,1,1,0,0,1,1,0,0,4,0,0,0,0,0,0,0,0
4,303,-450.0,140,terminated,0,36,1,0,-450.0,0,0,1,1,0,0,1,1,0,0,2,0,0,0,0,0,0,0,0
4,304,-522.0,262,terminated,0,31,1,0,-522.0,0,0,1,1,0,0,1,1,0,0,135,0,0,0,0,0,0,0,0
4,305,-110.0,300,truncated,0,36,0,0,-110.0,0,0,0,0,0,0,0,0,0,0,2,0,0,0,0,0,0,0,0
4,306,897.0,153,terminated,0,0,0,0,897.0,1,0,1,1,0,0,1,1,0,0,52,0,0,0,0,0,0,0,0
4,307,-445.0,255,terminated,0,24,1,0,-445.0,0,0,1,1,0,0,1,1,0,0,105,3,3,0,0,0,0,0,0
4,308,-559.0,249,terminated,0,36,1,0,-559.0,0,0,1,1,0,0,1,1,0,0,5,0,0,0,0,0,0,0,0
4,309,-70.0,300,truncated,0,32,0,0,-70.0,0,0,0,0,0,0,0,0,0,0,287,0,0,0,0,0,0,0,0
4,310,-417.0,217,terminated,0,25,1,0,-417.0,0,0,1,1,0,0,1,1,0,0,71,0,0,0,0,0,0,0,0
4,311,-40.0,300,truncated,0,29,0,0,-40.0,0,0,0,0,0,0,0,0,0,0,160,0,0,0,0,0,0,0,0
4,312,-467.0,87,terminated,0,43,1,0,-467.0,0,0,1,1,0,0,1,1,0,0,2,0,0,0,0,0,0,0,0
4,313,210.0,300,truncated,0,4,0,0,210.0,0,0,1,1,0,0,1,1,0,0,109,0,0,0,0,0,0,0,0
4,314,884.0,166,terminated,0,0,0,0,884.0,1,0,1,1,0,0,1,1,0,0,102,0,0,0,0,0,0,0,0
4,315,-160.0,300,truncated,0,41,0,0,-160.0,0,0,0,0,0,0,0,0,0,0,13,0,0,0,0,0,0,0,0
4,316,889.0,161,terminated,0,0,0,0,889.0,1,0,1,1,0,0,1,1,0,0,107,0,0,0,0,0,0,0,0
4,317,-150.0,300,truncated,0,40,0,0,-150.0,0,0,0,0,0,0,0,0,0,0,290,0,0,0,0,0,0,0,0
4,318,-60.0,300,truncated,0,31,0,0,-60.0,0,0,0,0,0,0,0,0,0,0,285,0,0,0,0,0,0,0,0
4,319,-100.0,300,truncated,0,35,0,0,-100.0,0,0,0,0,0,0,0,0,0,0,234,0,0,0,0,0,0,0,0
4,320,-485.0,205,terminated,0,33,1,0,-485.0,0,0,1,1,0,0,1,1,0,0,23,0,0,0,0,0,0,0,0
4,321,-80.0,300,truncated,0,33,0,0,-80.0,0,0,0,0,0,0,0,0,0,0,73,0,0,0,0,0,0,0,0
4,322,1077.0,173,terminated,0,0,0,1,1077.0,1,1,0,2,0,1,0,1,0,1,11,2,3,0,1,1,0,1,1
4,323,-396.0,66,terminated,0,38,1,0,-396.0,0,0,1,1,0,0,1,1,0,0,44,0,0,0,0,0,0,0,0
4,324,-501.0,171,terminated,0,38,1,0,-501.0,0,0,1,1,0,0,1,1,0,0,3,0,0,0,0,0,0,0,0
4,325,-70.0,300,truncated,0,32,0,0,-70.0,0,0,0,0,0,0,0,0,0,0,238,0,0,0,0,0,0,0,0
4,326,-80.0,300,truncated,0,33,0,0,-80.0,0,0,0,0,0,0,0,0,0,0,107,0,0,0,0,0,0,0,0
4,327,-90.0,300,truncated,0,34,0,0,-90.0,0,0,0,0,0,0,0,0,0,0,289,0,0,0,0,0,0,0,0
4,328,-507.0,237,terminated,0,32,1,0,-507.0,0,0,1,1,0,0,1,1,0,0,25,0,0,0,0,0,0,0,0
4,329,-120.0,300,truncated,0,37,0,0,-120.0,0,0,0,0,0,0,0,0,0,0,296,0,0,0,0,0,0,0,0
4,330,-40.0,300,truncated,0,29,0,0,-40.0,0,0,0,0,0,0,0,0,0,0,288,0,0,0,0,0,0,0,0
4,331,-130.0,300,truncated,0,38,0,0,-130.0,0,0,0,0,0,0,0,0,0,0,3,0,0,0,0,0,0,0,0
4,332,-457.0,177,terminated,0,33,1,0,-457.0,0,0,1,1,0,0,1,1,0,0,143,0,0,0,0,0,0,0,0
4,333,-437.0,227,terminated,0,26,1,0,-437.0,0,0,1,1,0,0,1,1,0,0,90,0,0,0,0,0,0,0,0
4,334,-140.0,300,truncated,0,39,0,0,-140.0,0,0,0,0,0,0,0,0,0,0,298,0,0,0,0,0,0,0,0
4,335,30.0,300,truncated,0,22,0,0,30.0,0,0,0,0,0,0,0,0,0,0,194,0,0,0,0,0,0,0,0
4,336,40.0,300,truncated,0,21,0,0,40.0,0,0,0,0,0,0,0,0,0,0,146,0,0,0,0,0,0,0,0
4,337,-90.0,300,truncated,0,34,0,0,-90.0,0,0,0,0,0,0,0,0,0,0,284,0,0,0,0,0,0,0,0
4,338,-90.0,300,truncated,0,34,0,0,-90.0,0,0,0,0,0,0,0,0,0,0,6,0,0,0,0,0,0,0,0
4,339,1005.0,245,terminated,1,0,0,0,1005.0,1,1,0,2,1,0,0,1,1,0,90,3,4,1,0,1,1,0,0
4,340,-448.0,158,terminated,0,34,1,0,-448.0,0,0,1,1,0,0,1,1,0,0,152,0,0,0,0,0,0,0,0
4,341,-10.0,300,truncated,0,26,0,0,-10.0,0,0,0,0,0,0,0,0,0,0,52,0,0,0,0,0,0,0,0
4,342,0.0,300,truncated,0,25,0,0,0.0,0,0,0,0,0,0,0,0,0,0,247,0,0,0,0,0,0,0,0
4,343,0.0,300,truncated,0,25,0,0,0.0,0,0,0,0,0,0,0,0,0,0,107,0,0,0,0,0,0,0,0
4,344,-100.0,300,truncated,0,35,0,0,-100.0,0,0,0,0,0,0,0,0,0,0,296,0,0,0,0,0,0,0,0
4,345,-90.0,300,truncated,0,34,0,0,-90.0,0,0,0,0,0,0,0,0,0,0,292,0,0,0,0,0,0,0,0
4,346,-90.0,300,truncated,0,34,0,0,-90.0,0,0,0,0,0,0,0,0,0,0,5,0,0,0,0,0,0,0,0
4,347,-80.0,300,truncated,0,33,0,0,-80.0,0,0,0,0,0,0,0,0,0,0,261,0,0,0,0,0,0,0,0
4,348,-30.0,300,truncated,0,28,0,0,-30.0,0,0,0,0,0,0,0,0,0,0,193,0,0,0,0,0,0,0,0
4,349,60.0,300,truncated,0,19,0,0,60.0,0,0,0,0,0,0,0,0,0,0,81,0,0,0,0,0,0,0,0
4,350,-496.0,236,terminated,0,31,1,0,-496.0,0,0,1,1,0,0,1,1,0,0,64,0,0,0,0,0,0,0,0
4,351,-90.0,300,truncated,0,34,0,0,-90.0,0,0,0,0,0,0,0,0,0,0,297,0,0,0,0,0,0,0,0
4,352,-484.0,244,terminated,0,29,1,0,-484.0,0,0,1,1,0,0,1,1,0,0,154,9,9,0,0,0,0,0,0
4,353,-422.0,132,terminated,0,34,1,0,-422.0,0,0,1,1,0,0,1,1,0,0,83,0,0,0,0,0,0,0,0
4,354,-440.0,130,terminated,0,36,1,0,-440.0,0,0,1,1,0,0,1,1,0,0,3,0,0,0,0,0,0,0,0
4,355,-90.0,300,truncated,0,34,0,0,-90.0,0,0,0,0,0,0,0,0,0,0,288,0,0,0,0,0,0,0,0
4,356,0.0,300,truncated,0,25,0,0,0.0,0,0,0,0,0,0,0,0,0,0,195,0,0,0,0,0,0,0,0
4,357,-452.0,102,terminated,0,40,1,0,-452.0,0,0,1,1,0,0,1,1,0,0,95,0,0,0,0,0,0,0,0
4,358,-20.0,300,truncated,0,27,0,0,-20.0,0,0,0,0,0,0,0,0,0,0,223,1,1,0,0,0,0,0,0
4,359,10.0,300,truncated,0,24,0,0,10.0,0,0,0,0,0,0,0,0,0,0,185,0,0,0,0,0,0,0,0
4,360,-518.0,218,terminated,0,35,1,0,-518.0,0,0,1,1,0,0,1,1,0,0,183,1,1,0,0,0,0,0,0
4,361,-462.0,112,terminated,0,40,1,0,-462.0,0,0,1,1,0,0,1,1,0,0,1,1,1,0,0,0,0,0,0
4,362,-415.0,115,terminated,0,35,1,0,-415.0,0,0,1,1,0,0,1,1,0,0,112,0,0,0,0,0,0,0,0
4,363,867.0,183,terminated,0,0,0,0,867.0,1,0,1,1,0,0,1,1,0,0,52,0,0,0,0,0,0,0,0
4,364,80.0,300,truncated,0,17,0,0,80.0,0,0,0,0,0,0,0,0,0,0,215,0,0,0,0,0,0,0,0
4,365,915.0,135,terminated,0,0,0,0,915.0,1,0,1,1,0,0,1,1,0,0,58,0,0,0,0,0,0,0,0
4,366,-130.0,300,truncated,0,38,0,0,-130.0,0,0,0,0,0,0,0,0,0,0,3,0,0,0,0,0,0,0,0
4,367,-100.0,300,truncated,0,35,0,0,-100.0,0,0,0,0,0,0,0,0,0,0,292,0,0,0,0,0,0,0,0
4,368,-80.0,300,truncated,0,33,0,0,-80.0,0,0,0,0,0,0,0,0,0,0,291,0,0,0,0,0,0,0,0
4,369,-225.0,195,terminated,0,8,1,0,-225.0,0,0,1,1,0,0,1,1,0,0,55,0,0,0,0,0,0,0,0
4,370,-90.0,300,truncated,0,34,0,0,-90.0,0,0,0,0,0,0,0,0,0,0,269,0,0,0,0,0,0,0,0
4,371,-90.0,300,truncated,0,34,0,0,-90.0,0,0,0,0,0,0,0,0,0,0,295,0,0,0,0,0,0,0,0
4,372,801.0,249,terminated,0,0,0,0,801.0,1,0,1,1,0,0,1,1,0,0,164,0,0,0,0,0,0,0,0
4,373,914.0,136,terminated,0,0,0,0,914.0,1,0,1,1,0,0,1,1,0,0,86,0,0,0,0,0,0,0,0
4,374,-488.0,28,terminated,0,51,1,0,-488.0,0,0,1,1,0,0,1,1,0,0,1,0,0,0,0,0,0,0,0
4,375,-110.0,300,truncated,0,36,0,0,-110.0,0,0,0,0,0,0,0,0,0,0,282,0,0,0,0,0,0,0,0
4,376,1019.0,231,terminated,1,0,0,0,1019.0,1,1,0,2,1,0,0,1,1,0,68,0,1,1,0,1,1,0,0
4,377,-469.0,189,terminated,0,33,1,0,-469.0,0,0,1,1,0,0,1,1,0,0,169,0,0,0,0,0,0,0,0
4,378,-130.0,300,truncated,0,38,0,0,-130.0,0,0,0,0,0,0,0,0,0,0,222,0,0,0,0,0,0,0,0
4,379,-110.0,300,truncated,0,36,0,0,-110.0,0,0,0,0,0,0,0,0,0,0,5,0,0,0,0,0,0,0,0
4,380,-100.0,300,truncated,0,35,0,0,-100.0,0,0,0,0,0,0,0,0,0,0,31,0,0,0,0,0,0,0,0
4,381,-431.0,71,terminated,0,41,1,0,-431.0,0,0,1,1,0,0,1,1,0,0,38,0,0,0,0,0,0,0,0
4,382,-110.0,300,truncated,0,36,0,0,-110.0,0,0,0,0,0,0,0,0,0,0,2,0,0,0,0,0,0,0,0
4,383,1027.0,223,terminated,1,0,0,0,1027.0,1,1,0,2,1,0,0,1,1,0,112,4,5,1,0,1,1,0,0
4,384,-90.0,300,truncated,0,34,0,0,-90.0,0,0,0,0,0,0,0,0,0,0,2,0,0,0,0,0,0,0,0
4,385,-150.0,300,truncated,0,40,0,0,-150.0,0,0,0,0,0,0,0,0,0,0,2,0,0,0,0,0,0,0,0
4,386,-40.0,300,truncated,0,29,0,0,-40.0,0,0,0,0,0,0,0,0,0,0,25,0,0,0,0,0,0,0,0
4,387,1267.0,183,terminated,1,0,0,1,1267.0,1,2,0,4,1,1,0,2,1,1,3,2,4,1,1,2,1,1,1
4,388,-429.0,119,terminated,0,36,1,0,-429.0,0,0,1,1,0,0,1,1,0,0,8,0,0,0,0,0,0,0,0
4,389,-167.0,177,terminated,0,4,1,0,-167.0,0,0,1,1,0,0,1,1,0,0,57,0,0,0,0,0,0,0,0
4,390,-512.0,292,terminated,0,27,1,0,-512.0,0,0,1,1,0,0,1,1,0,0,151,0,0,0,0,0,0,0,0
4,391,928.0,122,terminated,0,0,0,0,928.0,1,0,1,1,0,0,1,1,0,0,84,0,0,0,0,0,0,0,0
4,392,-170.0,300,truncated,0,42,0,0,-170.0,0,0,0,0,0,0,0,0,0,0,296,0,0,0,0,0,0,0,0
4,393,20.0,300,truncated,0,23,0,0,20.0,0,0,0,0,0,0,0,0,0,0,195,0,0,0,0,0,0,0,0
4,394,938.0,112,terminated,0,0,0,0,938.0,1,0,1,1,0,0,1,1,0,0,40,0,0,0,0,0,0,0,0
4,395,-422.0,102,terminated,0,37,1,0,-422.0,0,0,1,1,0,0,1,1,0,0,95,2,2,0,0,0,0,0,0
4,396,-466.0,176,terminated,0,34,1,0,-466.0,0,0,1,1,0,0,1,1,0,0,1,1,1,0,0,0,0,0,0
4,397,-187.0,117,terminated,0,32,1,1,-187.0,0,1,0,2,0,1,0,1,0,1,4,1,2,0,1,1,0,1,1
4,398,-120.0,300,truncated,0,37,0,0,-120.0,0,0,0,0,0,0,0,0,0,0,289,0,0,0,0,0,0,0,0
4,399,876.0,174,terminated,0,0,0,0,876.0,1,0,1,1,0,0,1,1,0,0,37,0,0,0,0,0,0,0,0
4,400,-110.0,300,truncated,0,36,0,0,-110.0,0,0,0,0,0,0,0,0,0,0,3,0,0,0,0,0,0,0,0
4,401,-120.0,300,truncated,0,37,0,0,-120.0,0,0,0,0,0,0,0,0,0,0,272,0,0,0,0,0,0,0,0
4,402,-50.0,300,truncated,0,30,0,0,-50.0,0,0,0,0,0,0,0,0,0,0,292,0,0,0,0,0,0,0,0
4,403,20.0,300,truncated,0,23,0,0,20.0,0,0,0,0,0,0,0,0,0,0,133,0,0,0,0,0,0,0,0
4,404,904.0,146,terminated,0,0,0,0,904.0,1,0,1,1,0,0,1,1,0,0,102,0,0,0,0,0,0,0,0
4,405,-70.0,300,truncated,0,32,0,0,-70.0,0,0,0,0,0,0,0,0,0,0,124,2,2,0,0,0,0,0,0
4,406,875.0,175,terminated,0,0,0,0,875.0,1,0,1,1,0,0,1,1,0,0,124,0,0,0,0,0,0,0,0
4,407,-40.0,300,truncated,0,29,0,0,-40.0,0,0,0,0,0,0,0,0,0,0,296,0,0,0,0,0,0,0,0
4,408,-455.0,155,terminated,0,35,1,0,-455.0,0,0,1,1,0,0,1,1,0,0,39,0,0,0,0,0,0,0,0
4,409,-130.0,300,truncated,0,38,0,0,-130.0,0,0,0,0,0,0,0,0,0,0,19,0,0,0,0,0,0,0,0
4,410,-90.0,300,truncated,0,34,0,0,-90.0,0,0,0,0,0,0,0,0,0,0,2,0,0,0,0,0,0,0,0
4,411,-80.0,300,truncated,0,33,0,0,-80.0,0,0,0,0,0,0,0,0,0,0,217,0,0,0,0,0,0,0,0
4,412,-110.0,300,truncated,0,36,0,0,-110.0,0,0,0,0,0,0,0,0,0,0,3,0,0,0,0,0,0,0,0
4,413,-90.0,300,truncated,0,34,0,0,-90.0,0,0,0,0,0,0,0,0,0,0,273,0,0,0,0,0,0,0,0
4,414,30.0,300,truncated,0,22,0,0,30.0,0,0,0,0,0,0,0,0,0,0,168,0,0,0,0,0,0,0,0
4,415,-100.0,300,truncated,0,35,0,0,-100.0,0,0,0,0,0,0,0,0,0,0,294,0,0,0,0,0,0,0,0
4,416,80.0,300,truncated,0,17,0,0,80.0,0,0,0,0,0,0,0,0,0,0,177,0,0,0,0,0,0,0,0
4,417,210.0,300,truncated,1,24,0,0,210.0,0,1,0,2,1,0,0,1,1,0,258,0,1,1,0,1,1,0,0
4,418,923.0,127,terminated,0,0,0,0,923.0,1,0,1,1,0,0,1,1,0,0,26,0,0,0,0,0,0,0,0
4,419,952.0,98,terminated,0,0,0,0,952.0,1,0,1,1,0,0,1,1,0,0,23,0,0,0,0,0,0,0,0
4,420,-470.0,100,terminated,0,42,1,0,-470.0,0,0,1,1,0,0,1,1,0,0,23,0,0,0,0,0,0,0,0
4,421,-453.0,63,terminated,0,44,1,0,-453.0,0,0,1,1,0,0,1,1,0,0,2,0,0,0,0,0,0,0,0
4,422,-110.0,300,truncated,0,36,0,0,-110.0,0,0,0,0,0,0,0,0,0,0,2,0,0,0,0,0,0,0,0
4,423,1127.0,123,terminated,0,0,0,1,1127.0,1,1,0,2,0,1,0,1,0,1,14,3,4,0,1,1,0,1,1
4,424,-50.0,300,truncated,0,30,0,0,-50.0,0,0,0,0,0,0,0,0,0,0,116,0,0,0,0,0,0,0,0
4,425,-60.0,300,truncated,0,31,0,0,-60.0,0,0,0,0,0,0,0,0,0,0,245,0,0,0,0,0,0,0,0
4,426,-40.0,300,truncated,0,29,0,0,-40.0,0,0,0,0,0,0,0,0,0,0,279,0,0,0,0,0,0,0,0
4,427,-70.0,300,truncated,0,32,0,0,-70.0,0,0,0,0,0,0,0,0,0,0,285,1,1,0,0,0,0,0,0
4,428,-90.0,300,truncated,0,34,0,0,-90.0,0,0,0,0,0,0,0,0,0,0,295,0,0,0,0,0,0,0,0
4,429,-150.0,300,truncated,0,40,0,0,-150.0,0,0,0,0,0,0,0,0,0,0,26,0,0,0,0,0,0,0,0
4,430,-536.0,236,terminated,0,35,1,0,-536.0,0,0,1,1,0,0,1,1,0,0,233,0,0,0,0,0,0,0,0
4,431,826.0,224,terminated,0,0,0,0,826.0,1,0,1,1,0,0,1,1,0,0,155,0,0,0,0,0,0,0,0
4,432,30.0,300,truncated,0,22,0,0,30.0,0,0,0,0,0,0,0,0,0,0,96,0,0,0,0,0,0,0,0
4,433,859.0,191,terminated,0,0,0,0,859.0,1,0,1,1,0,0,1,1,0,0,73,0,0,0,0,0,0,0,0
4,434,-434.0,134,terminated,0,35,1,0,-434.0,0,0,1,1,0,0,1,1,0,0,130,0,0,0,0,0,0,0,0
4,435,-70.0,300,truncated,0,32,0,0,-70.0,0,0,0,0,0,0,0,0,0,0,5,0,0,0,0,0,0,0,0
4,436,-446.0,136,terminated,0,36,1,0,-446.0,0,0,1,1,0,0,1,1,0,0,3,0,0,0,0,0,0,0,0
4,437,-475.0,25,terminated,0,50,1,0,-475.0,0,0,1,1,0,0,1,1,0,0,10,0,0,0,0,0,0,0,0
4,438,40.0,300,truncated,0,21,0,0,40.0,0,0,0,0,0,0,0,0,0,0,176,0,0,0,0,0,0,0,0
4,439,-110.0,300,truncated,0,36,0,0,-110.0,0,0,0,0,0,0,0,0,0,0,2,0,0,0,0,0,0,0,0
4,440,883.0,167,terminated,0,0,0,0,883.0,1,0,1,1,0,0,1,1,0,0,51,0,0,0,0,0,0,0,0
4,441,-100.0,300,truncated,0,35,0,0,-100.0,0,0,0,0,0,0,0,0,0,0,271,0,0,0,0,0,0,0,0
4,442,-457.0,187,terminated,0,32,1,0,-457.0,0,0,1,1,0,0,1,1,0,0,11,0,0,0,0,0,0,0,0
4,443,-160.0,300,truncated,0,41,0,0,-160.0,0,0,0,0,0,0,0,0,0,0,1,0,0,0,0,0,0,0,0
4,444,817.0,233,terminated,0,0,0,0,817.0,1,0,1,1,0,0,1,1,0,0,131,0,0,0,0,0,0,0,0
4,445,833.0,217,terminated,0,0,0,0,833.0,1,0,1,1,0,0,1,1,0,0,63,0,0,0,0,0,0,0,0
4,446,939.0,111,terminated,0,0,0,0,939.0,1,0,1,1,0,0,1,1,0,0,31,0,0,0,0,0,0,0,0
4,447,-130.0,300,truncated,0,38,0,0,-130.0,0,0,0,0,0,0,0,0,0,0,20,0,0,0,0,0,0,0,0
4,448,-471.0,21,terminated,0,50,1,0,-471.0,0,0,1,1,0,0,1,1,0,0,11,0,0,0,0,0,0,0,0
4,449,10.0,300,truncated,0,24,0,0,10.0,0,0,0,0,0,0,0,0,0,0,102,0,0,0,0,0,0,0,0
4,450,-100.0,300,truncated,0,35,0,0,-100.0,0,0,0,0,0,0,0,0,0,0,295,0,0,0,0,0,0,0,0
4,451,926.0,124,terminated,0,0,0,0,926.0,1,0,1,1,0,0,1,1,0,0,83,0,0,0,0,0,0,0,0
4,452,40.0,300,truncated,0,21,0,0,40.0,0,0,0,0,0,0,0,0,0,0,58,2,2,0,0,0,0,0,0
4,453,40.0,300,truncated,0,21,0,0,40.0,0,0,0,0,0,0,0,0,0,0,87,1,1,0,0,0,0,0,0
4,454,-139.0,129,terminated,0,6,1,0,-139.0,0,0,1,1,0,0,1,1,0,0,38,0,0,0,0,0,0,0,0
4,455,-100.0,300,truncated,0,35,0,0,-100.0,0,0,0,0,0,0,0,0,0,0,206,0,0,0,0,0,0,0,0
4,456,-90.0,300,truncated,0,34,0,0,-90.0,0,0,0,0,0,0,0,0,0,0,15,0,0,0,0,0,0,0,0
4,457,915.0,135,terminated,0,0,0,0,915.0,1,0,1,1,0,0,1,1,0,0,29,0,0,0,0,0,0,0,0
4,458,20.0,300,truncated,0,23,0,0,20.0,0,0,0,0,0,0,0,0,0,0,266,0,0,0,0,0,0,0,0
4,459,-80.0,300,truncated,0,33,0,0,-80.0,0,0,0,0,0,0,0,0,0,0,283,0,0,0,0,0,0,0,0
4,460,-140.0,180,terminated,0,1,1,0,-140.0,0,0,1,1,0,0,1,1,0,0,117,0,0,0,0,0,0,0,0
4,461,0.0,300,truncated,0,25,0,0,0.0,0,0,0,0,0,0,0,0,0,0,110,0,0,0,0,0,0,0,0
4,462,-10.0,300,truncated,0,26,0,0,-10.0,0,0,0,0,0,0,0,0,0,0,88,0,0,0,0,0,0,0,0
4,463,-90.0,300,truncated,0,34,0,0,-90.0,0,0,0,0,0,0,0,0,0,0,1,0,0,0,0,0,0,0,0
4,464,-438.0,68,terminated,0,42,1,0,-438.0,0,0,1,1,0,0,1,1,0,0,4,1,1,0,0,0,0,0,0
4,465,-80.0,300,truncated,0,33,0,0,-80.0,0,0,0,0,0,0,0,0,0,0,297,0,0,0,0,0,0,0,0
4,466,-502.0,122,terminated,0,43,1,0,-502.0,0,0,1,1,0,0,1,1,0,0,116,0,0,0,0,0,0,0,0
4,467,-90.0,300,truncated,0,34,0,0,-90.0,0,0,0,0,0,0,0,0,0,0,285,0,0,0,0,0,0,0,0
4,468,-50.0,300,truncated,0,30,0,0,-50.0,0,0,0,0,0,0,0,0,0,0,286,0,0,0,0,0,0,0,0
4,469,-100.0,300,truncated,0,35,0,0,-100.0,0,0,0,0,0,0,0,0,0,0,18,0,0,0,0,0,0,0,0
4,470,40.0,300,truncated,0,21,0,0,40.0,0,0,0,0,0,0,0,0,0,0,27,0,0,0,0,0,0,0,0
4,471,-110.0,300,truncated,0,36,0,0,-110.0,0,0,0,0,0,0,0,0,0,0,2,0,0,0,0,0,0,0,0
4,472,-80.0,300,truncated,0,33,0,0,-80.0,0,0,0,0,0,0,0,0,0,0,285,0,0,0,0,0,0,0,0
4,473,-80.0,300,truncated,0,33,0,0,-80.0,0,0,0,0,0,0,0,0,0,0,174,0,0,0,0,0,0,0,0
4,474,909.0,141,terminated,0,0,0,0,909.0,1,0,1,1,0,0,1,1,0,0,98,0,0,0,0,0,0,0,0
4,475,-442.0,202,terminated,0,29,1,0,-442.0,0,0,1,1,0,0,1,1,0,0,94,0,0,0,0,0,0,0,0
4,476,-460.0,170,terminated,0,34,1,0,-460.0,0,0,1,1,0,0,1,1,0,0,3,0,0,0,0,0,0,0,0
4,477,-60.0,300,truncated,0,31,0,0,-60.0,0,0,0,0,0,0,0,0,0,0,289,0,0,0,0,0,0,0,0
4,478,-110.0,300,truncated,0,36,0,0,-110.0,0,0,0,0,0,0,0,0,0,0,3,0,0,0,0,0,0,0,0
4,479,-30.0,300,truncated,0,28,0,0,-30.0,0,0,0,0,0,0,0,0,0,0,162,0,0,0,0,0,0,0,0
4,480,-80.0,300,truncated,0,33,0,0,-80.0,0,0,0,0,0,0,0,0,0,0,294,0,0,0,0,0,0,0,0
4,481,-70.0,300,truncated,0,32,0,0,-70.0,0,0,0,0,0,0,0,0,0,0,296,0,0,0,0,0,0,0,0
4,482,-160.0,300,truncated,0,41,0,0,-160.0,0,0,0,0,0,0,0,0,0,0,3,0,0,0,0,0,0,0,0
4,483,-407.0,97,terminated,0,36,1,0,-407.0,0,0,1,1,0,0,1,1,0,0,89,0,0,0,0,0,0,0,0
4,484,843.0,207,terminated,0,0,0,0,843.0,1,0,1,1,0,0,1,1,0,0,115,0,0,0,0,0,0,0,0
4,485,70.0,300,truncated,0,18,0,0,70.0,0,0,0,0,0,0,0,0,0,0,173,1,1,0,0,0,0,0,0
4,486,-541.0,151,terminated,0,44,1,0,-541.0,0,0,1,1,0,0,1,1,0,0,121,0,0,0,0,0,0,0,0
4,487,852.0,198,terminated,0,0,0,0,852.0,1,0,1,1,0,0,1,1,0,0,116,0,0,0,0,0,0,0,0
4,488,1142.0,108,terminated,1,0,0,0,1142.0,1,1,1,3,1,0,1,2,1,0,4,0,1,1,0,1,1,0,0
4,489,-510.0,260,terminated,0,30,1,0,-510.0,0,0,1,1,0,0,1,1,0,0,86,0,0,0,0,0,0,0,0
4,490,-433.0,173,terminated,0,31,1,0,-433.0,0,0,1,1,0,0,1,1,0,0,79,0,0,0,0,0,0,0,0
4,491,20.0,300,truncated,0,23,0,0,20.0,0,0,0,0,0,0,0,0,0,0,200,0,0,0,0,0,0,0,0
4,492,935.0,115,terminated,0,0,0,0,935.0,1,0,1,1,0,0,1,1,0,0,27,0,0,0,0,0,0,0,0
4,493,-439.0,79,terminated,0,41,1,0,-439.0,0,0,1,1,0,0,1,1,0,0,51,0,0,0,0,0,0,0,0
4,494,-429.0,79,terminated,0,40,1,0,-429.0,0,0,1,1,0,0,1,1,0,0,4,0,0,0,0,0,0,0,0
4,495,140.0,300,truncated,0,11,0,0,140.0,0,0,1,1,0,0,1,1,0,0,127,0,0,0,0,0,0,0,0
4,496,-40.0,300,truncated,0,29,0,0,-40.0,0,0,0,0,0,0,0,0,0,0,216,1,1,0,0,0,0,0,0
4,497,-40.0,300,truncated,0,29,0,0,-40.0,0,0,0,0,0,0,0,0,0,0,275,1,1,0,0,0,0,0,0
4,498,0.0,300,truncated,0,25,0,0,0.0,0,0,0,0,0,0,0,0,0,0,197,0,0,0,0,0,0,0,0
4,499,849.0,201,terminated,0,0,0,0,849.0,1,0,1,1,0,0,1,1,0,0,117,0,0,0,0,0,0,0,0
4,500,937.0,113,terminated,0,0,0,0,937.0,1,0,1,1,0,0,1,1,0,0,71,0,0,0,0,0,0,0,0
4,501,-412.0,112,terminated,0,35,1,0,-412.0,0,0,1,1,0,0,1,1,0,0,108,0,0,0,0,0,0,0,0
4,502,-140.0,300,truncated,0,39,0,0,-140.0,0,0,0,0,0,0,0,0,0,0,295,0,0,0,0,0,0,0,0
4,503,-100.0,300,truncated,0,35,0,0,-100.0,0,0,0,0,0,0,0,0,0,0,293,0,0,0,0,0,0,0,0
4,504,-450.0,140,terminated,0,36,1,0,-450.0,0,0,1,1,0,0,1,1,0,0,3,0,0,0,0,0,0,0,0
4,505,-605.0,245,terminated,0,41,1,0,-605.0,0,0,1,1,0,0,1,1,0,0,4,0,0,0,0,0,0,0,0
4,506,-120.0,300,truncated,0,37,0,0,-120.0,0,0,0,0,0,0,0,0,0,0,2,0,0,0,0,0,0,0,0
4,507,50.0,300,truncated,0,20,0,0,50.0,0,0,0,0,0,0,0,0,0,0,137,3,3,0,0,0,0,0,0
4,508,-40.0,300,truncated,0,29,0,0,-40.0,0,0,0,0,0,0,0,0,0,0,24,0,0,0,0,0,0,0,0
4,509,-100.0,300,truncated,0,35,0,0,-100.0,0,0,0,0,0,0,0,0,0,0,290,0,0,0,0,0,0,0,0
4,510,-446.0,166,terminated,0,33,1,0,-446.0,0,0,1,1,0,0,1,1,0,0,131,0,0,0,0,0,0,0,0
4,511,-70.0,300,truncated,0,32,0,0,-70.0,0,0,0,0,0,0,0,0,0,0,159,0,0,0,0,0,0,0,0
4,512,787.0,263,terminated,0,0,0,0,787.0,1,0,1,1,0,0,1,1,0,0,123,2,2,0,0,0,0,0,0
4,513,-537.0,157,terminated,0,43,1,0,-537.0,0,0,1,1,0,0,1,1,0,0,152,1,1,0,0,0,0,0,0
4,514,-520.0,100,terminated,0,47,1,0,-520.0,0,0,1,1,0,0,1,1,0,0,96,0,0,0,0,0,0,0,0
4,515,-80.0,300,truncated,0,33,0,0,-80.0,0,0,0,0,0,0,0,0,0,0,16,0,0,0,0,0,0,0,0
4,516,-110.0,300,truncated,0,36,0,0,-110.0,0,0,0,0,0,0,0,0,0,0,297,0,0,0,0,0,0,0,0
4,517,759.0,291,terminated,0,0,0,0,759.0,1,0,1,1,0,0,1,1,0,0,141,0,0,0,0,0,0,0,0
4,518,-402.0,72,terminated,0,38,1,0,-402.0,0,0,1,1,0,0,1,1,0,0,5,0,0,0,0,0,0,0,0
4,519,-158.0,118,terminated,0,9,1,0,-158.0,0,0,1,1,0,0,1,1,0,0,89,0,0,0,0,0,0,0,0
4,520,0.0,300,truncated,0,25,0,0,0.0,0,0,0,0,0,0,0,0,0,0,141,0,0,0,0,0,0,0,0
4,521,210.0,300,truncated,0,4,0,0,210.0,0,0,1,1,0,0,1,1,0,0,202,0,0,0,0,0,0,0,0
4,522,783.0,267,terminated,0,0,0,0,783.0,1,0,1,1,0,0,1,1,0,0,95,0,0,0,0,0,0,0,0
4,523,851.0,199,terminated,0,0,0,0,851.0,1,0,1,1,0,0,1,1,0,0,45,0,0,0,0,0,0,0,0
4,524,-50.0,300,truncated,0,30,0,0,-50.0,0,0,0,0,0,0,0,0,0,0,280,0,0,0,0,0,0,0,0
4,525,-409.0,39,terminated,0,42,1,0,-409.0,0,0,1,1,0,0,1,1,0,0,32,0,0,0,0,0,0,0,0
4,526,897.0,153,terminated,0,0,0,0,897.0,1,0,1,1,0,0,1,1,0,0,59,0,0,0,0,0,0,0,0
4,527,-140.0,300,truncated,0,39,0,0,-140.0,0,0,0,0,0,0,0,0,0,0,7,0,0,0,0,0,0,0,0
4,528,-567.0,217,terminated,0,40,1,0,-567.0,0,0,1,1,0,0,1,1,0,0,3,0,0,0,0,0,0,0,0
4,529,919.0,131,terminated,0,0,0,0,919.0,1,0,1,1,0,0,1,1,0,0,96,0,0,0,0,0,0,0,0
4,530,-497.0,247,terminated,0,30,1,0,-497.0,0,0,1,1,0,0,1,1,0,0,233,0,0,0,0,0,0,0,0
4,531,-90.0,300,truncated,0,34,0,0,-90.0,0,0,0,0,0,0,0,0,0,0,4,0,0,0,0,0,0,0,0
4,532,-110.0,300,truncated,0,36,0,0,-110.0,0,0,0,0,0,0,0,0,0,0,3,0,0,0,0,0,0,0,0
4,533,884.0,166,terminated,0,0,0,0,884.0,1,0,1,1,0,0,1,1,0,0,115,0,0,0,0,0,0,0,0
4,534,-457.0,207,terminated,0,30,1,0,-457.0,0,0,1,1,0,0,1,1,0,0,82,0,0,0,0,0,0,0,0
4,535,-539.0,159,terminated,0,43,1,0,-539.0,0,0,1,1,0,0,1,1,0,0,155,0,0,0,0,0,0,0,0
4,536,798.0,252,terminated,0,0,0,0,798.0,1,0,1,1,0,0,1,1,0,0,162,0,0,0,0,0,0,0,0
4,537,-80.0,300,truncated,0,33,0,0,-80.0,0,0,0,0,0,0,0,0,0,0,284,0,0,0,0,0,0,0,0
4,538,834.0,216,terminated,0,0,0,0,834.0,1,0,1,1,0,0,1,1,0,0,157,1,1,0,0,0,0,0,0
4,539,-90.0,300,truncated,0,34,0,0,-90.0,0,0,0,0,0,0,0,0,0,0,294,0,0,0,0,0,0,0,0
4,540,-140.0,300,truncated,0,39,0,0,-140.0,0,0,0,0,0,0,0,0,0,0,3,0,0,0,0,0,0,0,0
4,541,-90.0,300,truncated,0,34,0,0,-90.0,0,0,0,0,0,0,0,0,0,0,295,0,0,0,0,0,0,0,0
4,542,875.0,175,terminated,0,0,0,0,875.0,1,0,1,1,0,0,1,1,0,0,120,1,1,0,0,0,0,0,0
4,543,-488.0,18,terminated,0,52,1,0,-488.0,0,0,1,1,0,0,1,1,0,0,7,0,0,0,0,0,0,0,0
4,544,-100.0,300,truncated,0,35,0,0,-100.0,0,0,0,0,0,0,0,0,0,0,290,0,0,0,0,0,0,0,0
4,545,-120.0,300,truncated,0,37,0,0,-120.0,0,0,0,0,0,0,0,0,0,0,268,0,0,0,0,0,0,0,0
4,546,-466.0,146,terminated,0,37,1,0,-466.0,0,0,1,1,0,0,1,1,0,0,2,4,4,0,0,0,0,0,0
4,547,-30.0,300,truncated,0,28,0,0,-30.0,0,0,0,0,0,0,0,0,0,0,151,0,0,0,0,0,0,0,0
4,548,880.0,170,terminated,0,0,0,0,880.0,1,0,1,1,0,0,1,1,0,0,122,0,0,0,0,0,0,0,0
4,549,860.0,190,terminated,0,0,0,0,860.0,1,0,1,1,0,0,1,1,0,0,50,2,2,0,0,0,0,0,0
4,550,-30.0,300,truncated,0,28,0,0,-30.0,0,0,0,0,0,0,0,0,0,0,276,0,0,0,0,0,0,0,0
4,551,-98.0,128,terminated,0,2,1,0,-98.0,0,0,1,1,0,0,1,1,0,0,49,0,0,0,0,0,0,0,0
4,552,0.0,300,truncated,0,25,0,0,0.0,0,0,0,0,0,0,0,0,0,0,142,0,0,0,0,0,0,0,0
4,553,-70.0,300,truncated,0,32,0,0,-70.0,0,0,0,0,0,0,0,0,0,0,246,0,0,0,0,0,0,0,0
4,554,-90.0,300,truncated,0,34,0,0,-90.0,0,0,0,0,0,0,0,0,0,0,295,0,0,0,0,0,0,0,0
4,555,-40.0,300,truncated,0,29,0,0,-40.0,0,0,0,0,0,0,0,0,0,0,52,1,1,0,0,0,0,0,0
4,556,-30.0,300,truncated,0,28,0,0,-30.0,0,0,0,0,0,0,0,0,0,0,160,0,0,0,0,0,0,0,0
4,557,20.0,300,truncated,0,23,0,0,20.0,0,0,0,0,0,0,0,0,0,0,145,0,0,0,0,0,0,0,0
4,558,752.0,298,terminated,0,0,0,0,752.0,1,0,1,1,0,0,1,1,0,0,163,0,0,0,0,0,0,0,0
4,559,884.0,166,terminated,0,0,0,0,884.0,1,0,1,1,0,0,1,1,0,0,46,0,0,0,0,0,0,0,0
4,560,-80.0,300,truncated,0,33,0,0,-80.0,0,0,0,0,0,0,0,0,0,0,273,0,0,0,0,0,0,0,0
4,561,-301.0,161,terminated,0,19,1,0,-301.0,0,0,1,1,0,0,1,1,0,0,138,0,0,0,0,0,0,0,0
4,562,819.0,231,terminated,0,0,0,0,819.0,1,0,1,1,0,0,1,1,0,0,60,0,0,0,0,0,0,0,0
4,563,885.0,165,terminated,0,0,0,0,885.0,1,0,1,1,0,0,1,1,0,0,76,1,1,0,0,0,0,0,0
4,564,-30.0,300,truncated,0,28,0,0,-30.0,0,0,0,0,0,0,0,0,0,0,165,0,0,0,0,0,0,0,0
4,565,942.0,108,terminated,0,0,0,0,942.0,1,0,1,1,0,0,1,1,0,0,40,0,0,0,0,0,0,0,0
4,566,-405.0,35,terminated,0,42,1,0,-405.0,0,0,1,1,0,0,1,1,0,0,31,0,0,0,0,0,0,0,0
4,567,-60.0,300,truncated,0,31,0,0,-60.0,0,0,0,0,0,0,0,0,0,0,31,0,0,0,0,0,0,0,0
4,568,-60.0,300,truncated,0,31,0,0,-60.0,0,0,0,0,0,0,0,0,0,0,290,0,0,0,0,0,0,0,0
4,569,-506.0,216,terminated,0,34,1,0,-506.0,0,0,1,1,0,0,1,1,0,0,203,0,0,0,0,0,0,0,0
4,570,-40.0,300,truncated,0,29,0,0,-40.0,0,0,0,0,0,0,0,0,0,0,114,0,0,0,0,0,0,0,0
4,571,-90.0,300,truncated,0,34,0,0,-90.0,0,0,0,0,0,0,0,0,0,0,55,0,0,0,0,0,0,0,0
4,572,-40.0,300,truncated,0,29,0,0,-40.0,0,0,0,0,0,0,0,0,0,0,158,0,0,0,0,0,0,0,0
4,573,791.0,259,terminated,0,0,0,0,791.0,1,0,1,1,0,0,1,1,0,0,123,0,0,0,0,0,0,0,0
4,574,-500.0,150,terminated,0,40,1,0,-500.0,0,0,1,1,0,0,1,1,0,0,5,0,0,0,0,0,0,0,0
4,575,-150.0,300,truncated,0,40,0,0,-150.0,0,0,0,0,0,0,0,0,0,0,242,0,0,0,0,0,0,0,0
4,576,-120.0,300,truncated,0,37,0,0,-120.0,0,0,0,0,0,0,0,0,0,0,15,0,0,0,0,0,0,0,0
4,577,-90.0,300,truncated,0,34,0,0,-90.0,0,0,0,0,0,0,0,0,0,0,141,0,0,0,0,0,0,0,0
4,578,-100.0,300,truncated,0,35,0,0,-100.0,0,0,0,0,0,0,0,0,0,0,255,0,0,0,0,0,0,0,0
4,579,995.0,255,terminated,1,0,0,0,995.0,1,1,0,2,1,0,0,1,1,0,24,3,4,1,0,1,1,0,0
4,580,804.0,246,terminated,0,0,0,0,804.0,1,0,1,1,0,0,1,1,0,0,137,0,0,0,0,0,0,0,0
4,581,-150.0,300,truncated,0,40,0,0,-150.0,0,0,0,0,0,0,0,0,0,0,2,0,0,0,0,0,0,0,0
4,582,-530.0,180,terminated,0,40,1,0,-530.0,0,0,1,1,0,0,1,1,0,0,3,0,0,0,0,0,0,0,0
4,583,-120.0,300,truncated,0,37,0,0,-120.0,0,0,0,0,0,0,0,0,0,0,168,0,0,0,0,0,0,0,0
4,584,924.0,126,terminated,0,0,0,0,924.0,1,0,1,1,0,0,1,1,0,0,63,0,0,0,0,0,0,0,0
4,585,-485.0,175,terminated,0,36,1,0,-485.0,0,0,1,1,0,0,1,1,0,0,3,0,0,0,0,0,0,0,0
4,586,-60.0,300,truncated,0,31,0,0,-60.0,0,0,0,0,0,0,0,0,0,0,115,0,0,0,0,0,0,0,0
4,587,-464.0,164,terminated,0,35,1,0,-464.0,0,0,1,1,0,0,1,1,0,0,157,0,0,0,0,0,0,0,0
4,588,70.0,300,truncated,0,18,0,0,70.0,0,0,0,0,0,0,0,0,0,0,249,3,3,0,0,0,0,0,0
4,589,-120.0,300,truncated,0,37,0,0,-120.0,0,0,0,0,0,0,0,0,0,0,265,0,0,0,0,0,0,0,0
4,590,763.0,287,terminated,0,0,0,0,763.0,1,0,1,1,0,0,1,1,0,0,87,0,0,0,0,0,0,0,0
4,591,776.0,274,terminated,0,0,0,0,776.0,1,0,1,1,0,0,1,1,0,0,156,0,0,0,0,0,0,0,0
4,592,-590.0,260,terminated,0,38,1,0,-590.0,0,0,1,1,0,0,1,1,0,0,57,0,0,0,0,0,0,0,0
4,593,30.0,300,truncated,0,22,0,0,30.0,0,0,0,0,0,0,0,0,0,0,140,5,5,0,0,0,0,0,0
4,594,-160.0,300,truncated,0,41,0,0,-160.0,0,0,0,0,0,0,0,0,0,0,2,0,0,0,0,0,0,0,0
4,595,-479.0,79,terminated,0,45,1,0,-479.0,0,0,1,1,0,0,1,1,0,0,6,0,0,0,0,0,0,0,0
4,596,-521.0,121,terminated,0,45,1,0,-521.0,0,0,1,1,0,0,1,1,0,0,95,0,0,0,0,0,0,0,0
4,597,50.0,300,truncated,0,20,0,0,50.0,0,0,0,0,0,0,0,0,0,0,29,0,0,0,0,0,0,0,0
4,598,855.0,195,terminated,0,0,0,0,855.0,1,0,1,1,0,0,1,1,0,0,52,0,0,0,0,0,0,0,0
4,599,-80.0,300,truncated,0,33,0,0,-80.0,0,0,0,0,0,0,0,0,0,0,256,0,0,0,0,0,0,0,0
4,600,-120.0,300,truncated,0,37,0,0,-120.0,0,0,0,0,0,0,0,0,0,0,75,0,0,0,0,0,0,0,0
4,601,-120.0,300,truncated,0,37,0,0,-120.0,0,0,0,0,0,0,0,0,0,0,295,0,0,0,0,0,0,0,0
4,602,-444.0,44,terminated,0,45,1,0,-444.0,0,0,1,1,0,0,1,1,0,0,27,0,0,0,0,0,0,0,0
4,603,-448.0,108,terminated,0,39,1,0,-448.0,0,0,1,1,0,0,1,1,0,0,103,0,0,0,0,0,0,0,0
4,604,-464.0,154,terminated,0,36,1,0,-464.0,0,0,1,1,0,0,1,1,0,0,1,0,0,0,0,0,0,0,0
4,605,916.0,134,terminated,0,0,0,0,916.0,1,0,1,1,0,0,1,1,0,0,99,0,0,0,0,0,0,0,0
4,606,-50.0,300,truncated,0,30,0,0,-50.0,0,0,0,0,0,0,0,0,0,0,119,0,0,0,0,0,0,0,0
4,607,-170.0,300,truncated,0,42,0,0,-170.0,0,0,0,0,0,0,0,0,0,0,4,0,0,0,0,0,0,0,0
4,608,-140.0,300,truncated,0,39,0,0,-140.0,0,0,0,0,0,0,0,0,0,0,295,0,0,0,0,0,0,0,0
4,609,-326.0,146,terminated,0,23,1,0,-326.0,0,0,1,1,0,0,1,1,0,0,131,0,0,0,0,0,0,0,0
4,610,-110.0,300,truncated,0,36,0,0,-110.0,0,0,0,0,0,0,0,0,0,0,207,0,0,0,0,0,0,0,0
4,611,-440.0,80,terminated,0,41,1,0,-440.0,0,0,1,1,0,0,1,1,0,0,54,0,0,0,0,0,0,0,0
4,612,-130.0,300,truncated,0,38,0,0,-130.0,0,0,0,0,0,0,0,0,0,0,2,0,0,0,0,0,0,0,0
4,613,868.0,182,terminated,0,0,0,0,868.0,1,0,1,1,0,0,1,1,0,0,54,0,0,0,0,0,0,0,0
4,614,-510.0,300,terminated_and_truncated,0,26,1,0,-510.0,0,0,1,1,0,0,1,1,0,0,167,0,0,0,0,0,0,0,0
4,615,-419.0,89,terminated,0,38,1,0,-419.0,0,0,1,1,0,0,1,1,0,0,78,0,0,0,0,0,0,0,0
4,616,-40.0,300,truncated,0,29,0,0,-40.0,0,0,0,0,0,0,0,0,0,0,249,3,3,0,0,0,0,0,0
4,617,20.0,300,truncated,0,23,0,0,20.0,0,0,0,0,0,0,0,0,0,0,233,0,0,0,0,0,0,0,0
4,618,-80.0,300,truncated,0,33,0,0,-80.0,0,0,0,0,0,0,0,0,0,0,280,0,0,0,0,0,0,0,0
4,619,40.0,300,truncated,0,21,0,0,40.0,0,0,0,0,0,0,0,0,0,0,35,0,0,0,0,0,0,0,0
4,620,-110.0,300,truncated,0,36,0,0,-110.0,0,0,0,0,0,0,0,0,0,0,5,0,0,0,0,0,0,0,0
4,621,-80.0,300,truncated,0,33,0,0,-80.0,0,0,0,0,0,0,0,0,0,0,291,0,0,0,0,0,0,0,0
4,622,-488.0,78,terminated,0,46,1,0,-488.0,0,0,1,1,0,0,1,1,0,0,8,0,0,0,0,0,0,0,0
4,623,-70.0,300,truncated,0,32,0,0,-70.0,0,0,0,0,0,0,0,0,0,0,51,0,0,0,0,0,0,0,0
4,624,30.0,300,truncated,0,22,0,0,30.0,0,0,0,0,0,0,0,0,0,0,213,0,0,0,0,0,0,0,0
4,625,-50.0,300,truncated,0,30,0,0,-50.0,0,0,0,0,0,0,0,0,0,0,295,0,0,0,0,0,0,0,0
4,626,-140.0,300,truncated,0,39,0,0,-140.0,0,0,0,0,0,0,0,0,0,0,274,0,0,0,0,0,0,0,0
4,627,-70.0,300,truncated,0,32,0,0,-70.0,0,0,0,0,0,0,0,0,0,0,281,0,0,0,0,0,0,0,0
4,628,-552.0,292,terminated,0,31,1,0,-552.0,0,0,1,1,0,0,1,1,0,0,111,0,0,0,0,0,0,0,0
4,629,-110.0,300,truncated,0,36,0,0,-110.0,0,0,0,0,0,0,0,0,0,0,3,0,0,0,0,0,0,0,0
4,630,-475.0,255,terminated,0,27,1,0,-475.0,0,0,1,1,0,0,1,1,0,0,171,0,0,0,0,0,0,0,0
4,631,-140.0,300,truncated,0,39,0,0,-140.0,0,0,0,0,0,0,0,0,0,0,29,1,1,0,0,0,0,0,0
4,632,1068.0,182,terminated,0,0,0,1,1068.0,1,1,0,2,0,1,0,1,0,1,89,1,2,0,1,1,0,1,1
4,633,-110.0,300,truncated,0,36,0,0,-110.0,0,0,0,0,0,0,0,0,0,0,275,0,0,0,0,0,0,0,0
4,634,-60.0,300,truncated,0,31,0,0,-60.0,0,0,0,0,0,0,0,0,0,0,35,0,0,0,0,0,0,0,0
4,635,861.0,189,terminated,0,0,0,0,861.0,1,0,1,1,0,0,1,1,0,0,130,0,0,0,0,0,0,0,0
4,636,-489.0,109,terminated,0,43,1,0,-489.0,0,0,1,1,0,0,1,1,0,0,4,1,1,0,0,0,0,0,0
4,637,-20.0,300,truncated,0,27,0,0,-20.0,0,0,0,0,0,0,0,0,0,0,137,0,0,0,0,0,0,0,0
4,638,-524.0,284,terminated,0,29,1,0,-524.0,0,0,1,1,0,0,1,1,0,0,161,0,0,0,0,0,0,0,0
4,639,-70.0,300,truncated,0,32,0,0,-70.0,0,0,0,0,0,0,0,0,0,0,5,0,0,0,0,0,0,0,0
4,640,762.0,288,terminated,0,0,0,0,762.0,1,0,1,1,0,0,1,1,0,0,234,0,0,0,0,0,0,0,0
4,641,854.0,196,terminated,0,0,0,0,854.0,1,0,1,1,0,0,1,1,0,0,95,0,0,0,0,0,0,0,0
4,642,-160.0,300,truncated,0,41,0,0,-160.0,0,0,0,0,0,0,0,0,0,0,3,0,0,0,0,0,0,0,0
4,643,-120.0,300,truncated,0,37,0,0,-120.0,0,0,0,0,0,0,0,0,0,0,270,0,0,0,0,0,0,0,0
4,644,758.0,292,terminated,0,0,0,0,758.0,1,0,1,1,0,0,1,1,0,0,139,0,0,0,0,0,0,0,0
4,645,782.0,268,terminated,0,0,0,0,782.0,1,0,1,1,0,0,1,1,0,0,184,0,0,0,0,0,0,0,0
4,646,-569.0,169,terminated,0,45,1,0,-569.0,0,0,1,1,0,0,1,1,0,0,117,0,0,0,0,0,0,0,0
4,647,-80.0,300,truncated,0,33,0,0,-80.0,0,0,0,0,0,0,0,0,0,0,296,0,0,0,0,0,0,0,0
4,648,-20.0,300,truncated,0,27,0,0,-20.0,0,0,0,0,0,0,0,0,0,0,269,0,0,0,0,0,0,0,0
4,649,-50.0,300,truncated,0,30,0,0,-50.0,0,0,0,0,0,0,0,0,0,0,182,0,0,0,0,0,0,0,0
4,650,-170.0,90,terminated,0,13,1,0,-170.0,0,0,1,1,0,0,1,1,0,0,52,0,0,0,0,0,0,0,0
4,651,-254.0,64,terminated,0,24,1,0,-254.0,0,0,1,1,0,0,1,1,0,0,54,0,0,0,0,0,0,0,0
4,652,-453.0,113,terminated,0,39,1,0,-453.0,0,0,1,1,0,0,1,1,0,0,70,3,3,0,0,0,0,0,0
4,653,-100.0,300,truncated,0,35,0,0,-100.0,0,0,0,0,0,0,0,0,0,0,161,0,0,0,0,0,0,0,0
4,654,799.0,251,terminated,0,0,0,0,799.0,1,0,1,1,0,0,1,1,0,0,198,0,0,0,0,0,0,0,0
4,655,-558.0,288,terminated,0,32,1,0,-558.0,0,0,1,1,0,0,1,1,0,0,65,0,0,0,0,0,0,0,0
4,656,946.0,104,terminated,0,0,0,0,946.0,1,0,1,1,0,0,1,1,0,0,40,0,0,0,0,0,0,0,0
4,657,-455.0,165,terminated,0,34,1,0,-455.0,0,0,1,1,0,0,1,1,0,0,162,1,1,0,0,0,0,0,0
4,658,-458.0,208,terminated,0,30,1,0,-458.0,0,0,1,1,0,0,1,1,0,0,108,1,1,0,0,0,0,0,0
4,659,-140.0,300,truncated,0,39,0,0,-140.0,0,0,0,0,0,0,0,0,0,0,291,0,0,0,0,0,0,0,0
4,660,-10.0,300,truncated,0,26,0,0,-10.0,0,0,0,0,0,0,0,0,0,0,83,0,0,0,0,0,0,0,0
4,661,1038.0,212,terminated,1,0,0,0,1038.0,1,1,0,2,1,0,0,1,1,0,111,1,2,1,0,1,1,0,0
4,662,-150.0,300,truncated,0,40,0,0,-150.0,0,0,0,0,0,0,0,0,0,0,295,0,0,0,0,0,0,0,0
4,663,-110.0,300,truncated,0,36,0,0,-110.0,0,0,0,0,0,0,0,0,0,0,282,0,0,0,0,0,0,0,0
4,664,-485.0,15,terminated,0,52,1,0,-485.0,0,0,1,1,0,0,1,1,0,0,10,0,0,0,0,0,0,0,0
4,665,-451.0,121,terminated,0,38,1,0,-451.0,0,0,1,1,0,0,1,1,0,0,1,0,0,0,0,0,0,0,0
4,666,-110.0,300,truncated,0,36,0,0,-110.0,0,0,0,0,0,0,0,0,0,0,4,0,0,0,0,0,0,0,0
4,667,-118.0,138,terminated,0,3,1,0,-118.0,0,0,1,1,0,0,1,1,0,0,41,0,0,0,0,0,0,0,0
4,668,-539.0,279,terminated,0,31,1,0,-539.0,0,0,1,1,0,0,1,1,0,0,9,0,0,0,0,0,0,0,0
4,669,-50.0,300,truncated,0,30,0,0,-50.0,0,0,0,0,0,0,0,0,0,0,2,0,0,0,0,0,0,0,0
4,670,-10.0,300,truncated,0,26,0,0,-10.0,0,0,0,0,0,0,0,0,0,0,58,0,0,0,0,0,0,0,0
4,671,845.0,205,terminated,0,0,0,0,845.0,1,0,1,1,0,0,1,1,0,0,67,0,0,0,0,0,0,0,0
4,672,-90.0,300,truncated,0,34,0,0,-90.0,0,0,0,0,0,0,0,0,0,0,297,0,0,0,0,0,0,0,0
4,673,30.0,300,truncated,0,22,0,0,30.0,0,0,0,0,0,0,0,0,0,0,153,0,0,0,0,0,0,0,0
4,674,-176.0,196,terminated,0,3,1,0,-176.0,0,0,1,1,0,0,1,1,0,0,152,0,0,0,0,0,0,0,0
4,675,-80.0,300,truncated,0,33,0,0,-80.0,0,0,0,0,0,0,0,0,0,0,282,0,0,0,0,0,0,0,0
4,676,1051.0,199,terminated,1,0,0,0,1051.0,1,1,0,2,1,0,0,1,1,0,13,0,1,1,0,1,1,0,0
4,677,-602.0,272,terminated,0,38,1,0,-602.0,0,0,1,1,0,0,1,1,0,0,69,0,0,0,0,0,0,0,0
4,678,170.0,300,truncated,0,8,0,0,170.0,0,0,1,1,0,0,1,1,0,0,64,0,0,0,0,0,0,0,0
4,679,-536.0,226,terminated,0,36,1,0,-536.0,0,0,1,1,0,0,1,1,0,0,1,0,0,0,0,0,0,0,0
4,680,-464.0,74,terminated,0,44,1,0,-464.0,0,0,1,1,0,0,1,1,0,0,2,0,0,0,0,0,0,0,0
4,681,-449.0,79,terminated,0,42,1,0,-449.0,0,0,1,1,0,0,1,1,0,0,61,0,0,0,0,0,0,0,0
4,682,-90.0,300,truncated,0,34,0,0,-90.0,0,0,0,0,0,0,0,0,0,0,22,0,0,0,0,0,0,0,0
4,683,-100.0,300,truncated,0,35,0,0,-100.0,0,0,0,0,0,0,0,0,0,0,296,0,0,0,0,0,0,0,0
4,684,1115.0,135,terminated,0,0,0,1,1115.0,1,1,0,2,0,1,0,1,0,1,94,4,5,0,1,1,0,1,1
4,685,-110.0,300,truncated,0,36,0,0,-110.0,0,0,0,0,0,0,0,0,0,0,4,0,0,0,0,0,0,0,0
4,686,-523.0,83,terminated,0,49,1,0,-523.0,0,0,1,1,0,0,1,1,0,0,45,0,0,0,0,0,0,0,0
4,687,-505.0,215,terminated,0,34,1,0,-505.0,0,0,1,1,0,0,1,1,0,0,213,0,0,0,0,0,0,0,0
4,688,-190.0,300,truncated,0,44,0,0,-190.0,0,0,0,0,0,0,0,0,0,0,1,0,0,0,0,0,0,0,0
4,689,-479.0,199,terminated,0,33,1,0,-479.0,0,0,1,1,0,0,1,1,0,0,94,1,1,0,0,0,0,0,0
4,690,-50.0,300,truncated,0,30,0,0,-50.0,0,0,0,0,0,0,0,0,0,0,286,0,0,0,0,0,0,0,0
4,691,-170.0,300,truncated,0,42,0,0,-170.0,0,0,0,0,0,0,0,0,0,0,298,0,0,0,0,0,0,0,0
4,692,-10.0,300,truncated,0,26,0,0,-10.0,0,0,0,0,0,0,0,0,0,0,68,0,0,0,0,0,0,0,0
4,693,-20.0,300,truncated,0,27,0,0,-20.0,0,0,0,0,0,0,0,0,0,0,253,0,0,0,0,0,0,0,0
4,694,-510.0,220,terminated,0,34,1,0,-510.0,0,0,1,1,0,0,1,1,0,0,3,0,0,0,0,0,0,0,0
4,695,-160.0,300,truncated,0,41,0,0,-160.0,0,0,0,0,0,0,0,0,0,0,5,0,0,0,0,0,0,0,0
4,696,0.0,300,truncated,0,25,0,0,0.0,0,0,0,0,0,0,0,0,0,0,157,0,0,0,0,0,0,0,0
4,697,10.0,300,truncated,0,24,0,0,10.0,0,0,0,0,0,0,0,0,0,0,156,0,0,0,0,0,0,0,0
4,698,-30.0,300,truncated,0,28,0,0,-30.0,0,0,0,0,0,0,0,0,0,0,84,0,0,0,0,0,0,0,0
4,699,-110.0,300,truncated,0,36,0,0,-110.0,0,0,0,0,0,0,0,0,0,0,9,0,0,0,0,0,0,0,0
4,700,-50.0,300,truncated,0,30,0,0,-50.0,0,0,0,0,0,0,0,0,0,0,111,0,0,0,0,0,0,0,0
4,701,-20.0,300,truncated,0,27,0,0,-20.0,0,0,0,0,0,0,0,0,0,0,287,0,0,0,0,0,0,0,0
4,702,-488.0,28,terminated,0,51,1,0,-488.0,0,0,1,1,0,0,1,1,0,0,20,0,0,0,0,0,0,0,0
4,703,-157.0,177,terminated,0,3,1,0,-157.0,0,0,1,1,0,0,1,1,0,0,124,0,0,0,0,0,0,0,0
4,704,-10.0,300,truncated,0,26,0,0,-10.0,0,0,0,0,0,0,0,0,0,0,133,0,0,0,0,0,0,0,0
4,705,-60.0,300,truncated,0,31,0,0,-60.0,0,0,0,0,0,0,0,0,0,0,283,0,0,0,0,0,0,0,0
4,706,-90.0,300,truncated,0,34,0,0,-90.0,0,0,0,0,0,0,0,0,0,0,64,0,0,0,0,0,0,0,0
4,707,-160.0,300,truncated,0,41,0,0,-160.0,0,0,0,0,0,0,0,0,0,0,3,0,0,0,0,0,0,0,0
4,708,899.0,151,terminated,0,0,0,0,899.0,1,0,1,1,0,0,1,1,0,0,41,0,0,0,0,0,0,0,0
4,709,20.0,300,truncated,0,23,0,0,20.0,0,0,0,0,0,0,0,0,0,0,242,4,4,0,0,0,0,0,0
4,710,-503.0,233,terminated,0,32,1,0,-503.0,0,0,1,1,0,0,1,1,0,0,208,0,0,0,0,0,0,0,0
4,711,893.0,157,terminated,0,0,0,0,893.0,1,0,1,1,0,0,1,1,0,0,42,1,1,0,0,0,0,0,0
4,712,20.0,300,truncated,0,23,0,0,20.0,0,0,0,0,0,0,0,0,0,0,154,0,0,0,0,0,0,0,0
4,713,140.0,300,truncated,0,11,0,0,140.0,0,0,1,1,0,0,1,1,0,0,96,0,0,0,0,0,0,0,0
4,714,-396.0,126,terminated,0,32,1,0,-396.0,0,0,1,1,0,0,1,1,0,0,99,0,0,0,0,0,0,0,0
4,715,-110.0,300,truncated,0,36,0,0,-110.0,0,0,0,0,0,0,0,0,0,0,6,0,0,0,0,0,0,0,0
4,716,-40.0,300,truncated,0,29,0,0,-40.0,0,0,0,0,0,0,0,0,0,0,249,0,0,0,0,0,0,0,0
4,717,901.0,149,terminated,0,0,0,0,901.0,1,0,1,1,0,0,1,1,0,0,53,0,0,0,0,0,0,0,0
4,718,-70.0,300,truncated,0,32,0,0,-70.0,0,0,0,0,0,0,0,0,0,0,194,0,0,0,0,0,0,0,0
4,719,-158.0,158,terminated,0,5,1,0,-158.0,0,0,1,1,0,0,1,1,0,0,45,0,0,0,0,0,0,0,0
4,720,-588.0,288,terminated,0,35,1,0,-588.0,0,0,1,1,0,0,1,1,0,0,201,0,0,0,0,0,0,0,0
4,721,-110.0,300,truncated,0,36,0,0,-110.0,0,0,0,0,0,0,0,0,0,0,4,0,0,0,0,0,0,0,0
4,722,-30.0,300,truncated,0,28,0,0,-30.0,0,0,0,0,0,0,0,0,0,0,243,0,0,0,0,0,0,0,0
4,723,-20.0,300,truncated,0,27,0,0,-20.0,0,0,0,0,0,0,0,0,0,0,175,0,0,0,0,0,0,0,0
4,724,0.0,300,truncated,0,25,0,0,0.0,0,0,0,0,0,0,0,0,0,0,249,0,0,0,0,0,0,0,0
4,725,-120.0,300,truncated,0,37,0,0,-120.0,0,0,0,0,0,0,0,0,0,0,288,0,0,0,0,0,0,0,0
4,726,-80.0,300,truncated,0,33,0,0,-80.0,0,0,0,0,0,0,0,0,0,0,282,0,0,0,0,0,0,0,0
4,727,-418.0,108,terminated,0,36,1,0,-418.0,0,0,1,1,0,0,1,1,0,0,9,0,0,0,0,0,0,0,0
4,728,-110.0,300,truncated,0,36,0,0,-110.0,0,0,0,0,0,0,0,0,0,0,5,0,0,0,0,0,0,0,0
4,729,-100.0,300,truncated,0,35,0,0,-100.0,0,0,0,0,0,0,0,0,0,0,46,0,0,0,0,0,0,0,0
4,730,-60.0,300,truncated,0,31,0,0,-60.0,0,0,0,0,0,0,0,0,0,0,209,0,0,0,0,0,0,0,0
4,731,300.0,300,truncated,0,15,0,1,300.0,0,0,0,1,0,1,0,1,0,1,227,0,1,0,1,1,0,1,1
4,732,-487.0,227,terminated,0,31,1,0,-487.0,0,0,1,1,0,0,1,1,0,0,151,0,0,0,0,0,0,0,0
4,733,-40.0,300,truncated,0,29,0,0,-40.0,0,0,0,0,0,0,0,0,0,0,259,0,0,0,0,0,0,0,0
4,734,861.0,189,terminated,0,0,0,0,861.0,1,0,1,1,0,0,1,1,0,0,116,0,0,0,0,0,0,0,0
4,735,-110.0,300,truncated,0,36,0,0,-110.0,0,0,0,0,0,0,0,0,0,0,58,5,5,0,0,0,0,0,0
4,736,-341.0,221,terminated,0,17,1,0,-341.0,0,0,1,1,0,0,1,1,0,0,58,0,0,0,0,0,0,0,0
4,737,-60.0,300,truncated,0,31,0,0,-60.0,0,0,0,0,0,0,0,0,0,0,273,0,0,0,0,0,0,0,0
4,738,-70.0,300,truncated,0,32,0,0,-70.0,0,0,0,0,0,0,0,0,0,0,248,0,0,0,0,0,0,0,0
4,739,-40.0,300,truncated,0,29,0,0,-40.0,0,0,0,0,0,0,0,0,0,0,175,1,1,0,0,0,0,0,0
4,740,-434.0,174,terminated,0,31,1,0,-434.0,0,0,1,1,0,0,1,1,0,0,148,0,0,0,0,0,0,0,0
4,741,-594.0,284,terminated,0,36,1,0,-594.0,0,0,1,1,0,0,1,1,0,0,1,0,0,0,0,0,0,0,0
4,742,-480.0,20,terminated,0,51,1,0,-480.0,0,0,1,1,0,0,1,1,0,0,16,0,0,0,0,0,0,0,0
4,743,-465.0,15,terminated,0,50,1,0,-465.0,0,0,1,1,0,0,1,1,0,0,5,0,0,0,0,0,0,0,0
4,744,-20.0,300,truncated,0,27,0,0,-20.0,0,0,0,0,0,0,0,0,0,0,89,0,0,0,0,0,0,0,0
4,745,70.0,300,truncated,0,18,0,0,70.0,0,0,0,0,0,0,0,0,0,0,84,1,1,0,0,0,0,0,0
4,746,-110.0,300,truncated,0,36,0,0,-110.0,0,0,0,0,0,0,0,0,0,0,5,0,0,0,0,0,0,0,0
4,747,-467.0,157,terminated,0,36,1,0,-467.0,0,0,1,1,0,0,1,1,0,0,150,0,0,0,0,0,0,0,0
4,748,30.0,300,truncated,0,22,0,0,30.0,0,0,0,0,0,0,0,0,0,0,92,0,0,0,0,0,0,0,0
4,749,-247.0,257,terminated,0,24,1,1,-247.0,0,1,0,2,0,1,0,1,0,1,60,4,5,0,1,1,0,1,1
4,750,-70.0,300,truncated,0,32,0,0,-70.0,0,0,0,0,0,0,0,0,0,0,214,0,0,0,0,0,0,0,0
4,751,-130.0,300,truncated,0,38,0,0,-130.0,0,0,0,0,0,0,0,0,0,0,3,0,0,0,0,0,0,0,0
4,752,901.0,149,terminated,0,0,0,0,901.0,1,0,1,1,0,0,1,1,0,0,80,2,2,0,0,0,0,0,0
4,753,854.0,196,terminated,0,0,0,0,854.0,1,0,1,1,0,0,1,1,0,0,73,0,0,0,0,0,0,0,0
4,754,881.0,169,terminated,0,0,0,0,881.0,1,0,1,1,0,0,1,1,0,0,97,0,0,0,0,0,0,0,0
4,755,-150.0,300,truncated,0,40,0,0,-150.0,0,0,0,0,0,0,0,0,0,0,5,0,0,0,0,0,0,0,0
4,756,-110.0,300,truncated,0,36,0,0,-110.0,0,0,0,0,0,0,0,0,0,0,3,0,0,0,0,0,0,0,0
4,757,-120.0,300,truncated,0,37,0,0,-120.0,0,0,0,0,0,0,0,0,0,0,218,0,0,0,0,0,0,0,0
4,758,928.0,122,terminated,0,0,0,0,928.0,1,0,1,1,0,0,1,1,0,0,77,0,0,0,0,0,0,0,0
4,759,-490.0,100,terminated,0,44,1,0,-490.0,0,0,1,1,0,0,1,1,0,0,3,0,0,0,0,0,0,0,0
4,760,-40.0,300,truncated,0,29,0,0,-40.0,0,0,0,0,0,0,0,0,0,0,90,0,0,0,0,0,0,0,0
4,761,-90.0,300,truncated,0,34,0,0,-90.0,0,0,0,0,0,0,0,0,0,0,5,0,0,0,0,0,0,0,0
4,762,925.0,125,terminated,0,0,0,0,925.0,1,0,1,1,0,0,1,1,0,0,54,1,1,0,0,0,0,0,0
4,763,-90.0,300,truncated,0,34,0,0,-90.0,0,0,0,0,0,0,0,0,0,0,5,0,0,0,0,0,0,0,0
4,764,986.0,264,terminated,1,0,0,0,986.0,1,1,0,2,1,0,0,1,1,0,17,4,5,1,0,1,1,0,0
4,765,-200.0,300,truncated,0,45,0,0,-200.0,0,0,0,0,0,0,0,0,0,0,10,0,0,0,0,0,0,0,0
4,766,-477.0,177,terminated,0,35,1,0,-477.0,0,0,1,1,0,0,1,1,0,0,98,1,1,0,0,0,0,0,0
4,767,-475.0,215,terminated,0,31,1,0,-475.0,0,0,1,1,0,0,1,1,0,0,200,0,0,0,0,0,0,0,0
4,768,-50.0,300,truncated,0,30,0,0,-50.0,0,0,0,0,0,0,0,0,0,0,183,0,0,0,0,0,0,0,0
4,769,-529.0,249,terminated,0,33,1,0,-529.0,0,0,1,1,0,0,1,1,0,0,238,0,0,0,0,0,0,0,0
4,770,-140.0,300,truncated,0,39,0,0,-140.0,0,0,0,0,0,0,0,0,0,0,4,0,0,0,0,0,0,0,0
4,771,828.0,222,terminated,0,0,0,0,828.0,1,0,1,1,0,0,1,1,0,0,119,0,0,0,0,0,0,0,0
4,772,-517.0,237,terminated,0,33,1,0,-517.0,0,0,1,1,0,0,1,1,0,0,106,0,0,0,0,0,0,0,0
4,773,-90.0,300,truncated,0,34,0,0,-90.0,0,0,0,0,0,0,0,0,0,0,6,0,0,0,0,0,0,0,0
4,774,60.0,300,truncated,0,19,0,0,60.0,0,0,0,0,0,0,0,0,0,0,134,0,0,0,0,0,0,0,0
4,775,-160.0,300,truncated,0,41,0,0,-160.0,0,0,0,0,0,0,0,0,0,0,3,0,0,0,0,0,0,0,0
4,776,912.0,138,terminated,0,0,0,0,912.0,1,0,1,1,0,0,1,1,0,0,28,0,0,0,0,0,0,0,0
4,777,-521.0,221,terminated,0,35,1,0,-521.0,0,0,1,1,0,0,1,1,0,0,215,0,0,0,0,0,0,0,0
4,778,-150.0,300,truncated,0,40,0,0,-150.0,0,0,0,0,0,0,0,0,0,0,291,0,0,0,0,0,0,0,0
4,779,-160.0,300,truncated,0,41,0,0,-160.0,0,0,0,0,0,0,0,0,0,0,293,0,0,0,0,0,0,0,0
4,780,-60.0,300,truncated,0,31,0,0,-60.0,0,0,0,0,0,0,0,0,0,0,287,0,0,0,0,0,0,0,0
4,781,30.0,300,truncated,0,22,0,0,30.0,0,0,0,0,0,0,0,0,0,0,120,0,0,0,0,0,0,0,0
4,782,-70.0,300,truncated,0,32,0,0,-70.0,0,0,0,0,0,0,0,0,0,0,226,1,1,0,0,0,0,0,0
4,783,-466.0,96,terminated,0,42,1,0,-466.0,0,0,1,1,0,0,1,1,0,0,91,0,0,0,0,0,0,0,0
4,784,-60.0,300,truncated,0,31,0,0,-60.0,0,0,0,0,0,0,0,0,0,0,2,0,0,0,0,0,0,0,0
4,785,-451.0,181,terminated,0,32,1,0,-451.0,0,0,1,1,0,0,1,1,0,0,37,0,0,0,0,0,0,0,0
4,786,-20.0,300,truncated,0,27,0,0,-20.0,0,0,0,0,0,0,0,0,0,0,125,0,0,0,0,0,0,0,0
4,787,-70.0,300,truncated,0,32,0,0,-70.0,0,0,0,0,0,0,0,0,0,0,8,0,0,0,0,0,0,0,0
4,788,-50.0,300,truncated,0,30,0,0,-50.0,0,0,0,0,0,0,0,0,0,0,8,0,0,0,0,0,0,0,0
4,789,-70.0,300,truncated,0,32,0,0,-70.0,0,0,0,0,0,0,0,0,0,0,238,0,0,0,0,0,0,0,0
4,790,887.0,163,terminated,0,0,0,0,887.0,1,0,1,1,0,0,1,1,0,0,31,0,0,0,0,0,0,0,0
4,791,-596.0,286,terminated,0,36,1,0,-596.0,0,0,1,1,0,0,1,1,0,0,4,0,0,0,0,0,0,0,0
4,792,-130.0,300,truncated,0,38,0,0,-130.0,0,0,0,0,0,0,0,0,0,0,271,0,0,0,0,0,0,0,0
4,793,10.0,300,truncated,0,24,0,0,10.0,0,0,0,0,0,0,0,0,0,0,42,0,0,0,0,0,0,0,0
4,794,-100.0,300,truncated,0,35,0,0,-100.0,0,0,0,0,0,0,0,0,0,0,297,0,0,0,0,0,0,0,0
4,795,-50.0,300,truncated,0,30,0,0,-50.0,0,0,0,0,0,0,0,0,0,0,213,0,0,0,0,0,0,0,0
4,796,0.0,300,truncated,0,25,0,0,0.0,0,0,0,0,0,0,0,0,0,0,132,0,0,0,0,0,0,0,0
4,797,-90.0,300,truncated,0,34,0,0,-90.0,0,0,0,0,0,0,0,0,0,0,282,0,0,0,0,0,0,0,0
4,798,-452.0,102,terminated,0,40,1,0,-452.0,0,0,1,1,0,0,1,1,0,0,92,0,0,0,0,0,0,0,0
4,799,-60.0,300,truncated,0,31,0,0,-60.0,0,0,0,0,0,0,0,0,0,0,255,0,0,0,0,0,0,0,0
4,800,839.0,211,terminated,0,0,0,0,839.0,1,0,1,1,0,0,1,1,0,0,76,0,0,0,0,0,0,0,0
4,801,-110.0,300,truncated,0,36,0,0,-110.0,0,0,0,0,0,0,0,0,0,0,3,0,0,0,0,0,0,0,0
4,802,20.0,300,truncated,0,23,0,0,20.0,0,0,0,0,0,0,0,0,0,0,120,0,0,0,0,0,0,0,0
4,803,-100.0,300,truncated,0,35,0,0,-100.0,0,0,0,0,0,0,0,0,0,0,294,0,0,0,0,0,0,0,0
4,804,0.0,300,truncated,0,25,0,0,0.0,0,0,0,0,0,0,0,0,0,0,155,0,0,0,0,0,0,0,0
4,805,-276.0,96,terminated,0,23,1,0,-276.0,0,0,1,1,0,0,1,1,0,0,85,0,0,0,0,0,0,0,0
4,806,-70.0,300,truncated,0,32,0,0,-70.0,0,0,0,0,0,0,0,0,0,0,207,0,0,0,0,0,0,0,0
4,807,-40.0,300,truncated,0,29,0,0,-40.0,0,0,0,0,0,0,0,0,0,0,119,0,0,0,0,0,0,0,0
4,808,855.0,195,terminated,0,0,0,0,855.0,1,0,1,1,0,0,1,1,0,0,69,0,0,0,0,0,0,0,0
4,809,-130.0,300,truncated,0,38,0,0,-130.0,0,0,0,0,0,0,0,0,0,0,288,0,0,0,0,0,0,0,0
4,810,-30.0,300,truncated,0,28,0,0,-30.0,0,0,0,0,0,0,0,0,0,0,2,0,0,0,0,0,0,0,0
4,811,30.0,300,truncated,0,22,0,0,30.0,0,0,0,0,0,0,0,0,0,0,121,0,0,0,0,0,0,0,0
4,812,-439.0,129,terminated,0,36,1,0,-439.0,0,0,1,1,0,0,1,1,0,0,120,0,0,0,0,0,0,0,0
4,813,843.0,207,terminated,0,0,0,0,843.0,1,0,1,1,0,0,1,1,0,0,93,0,0,0,0,0,0,0,0
4,814,928.0,122,terminated,0,0,0,0,928.0,1,0,1,1,0,0,1,1,0,0,73,0,0,0,0,0,0,0,0
4,815,862.0,188,terminated,0,0,0,0,862.0,1,0,1,1,0,0,1,1,0,0,54,0,0,0,0,0,0,0,0
4,816,-496.0,216,terminated,0,33,1,0,-496.0,0,0,1,1,0,0,1,1,0,0,70,0,0,0,0,0,0,0,0
4,817,-100.0,300,truncated,0,35,0,0,-100.0,0,0,0,0,0,0,0,0,0,0,287,0,0,0,0,0,0,0,0
4,818,-110.0,300,truncated,0,36,0,0,-110.0,0,0,0,0,0,0,0,0,0,0,281,0,0,0,0,0,0,0,0
4,819,843.0,207,terminated,0,0,0,0,843.0,1,0,1,1,0,0,1,1,0,0,157,0,0,0,0,0,0,0,0
4,820,-120.0,300,truncated,0,37,0,0,-120.0,0,0,0,0,0,0,0,0,0,0,5,0,0,0,0,0,0,0,0
4,821,-474.0,14,terminated,0,51,1,0,-474.0,0,0,1,1,0,0,1,1,0,0,3,0,0,0,0,0,0,0,0
4,822,-533.0,173,terminated,0,41,1,0,-533.0,0,0,1,1,0,0,1,1,0,0,2,0,0,0,0,0,0,0,0
4,823,-438.0,158,terminated,0,33,1,0,-438.0,0,0,1,1,0,0,1,1,0,0,135,2,2,0,0,0,0,0,0
4,824,-428.0,88,terminated,0,39,1,0,-428.0,0,0,1,1,0,0,1,1,0,0,31,0,0,0,0,0,0,0,0
4,825,-100.0,300,truncated,0,35,0,0,-100.0,0,0,0,0,0,0,0,0,0,0,8,0,0,0,0,0,0,0,0
4,826,942.0,108,terminated,0,0,0,0,942.0,1,0,1,1,0,0,1,1,0,0,40,0,0,0,0,0,0,0,0
4,827,-120.0,300,truncated,0,37,0,0,-120.0,0,0,0,0,0,0,0,0,0,0,2,0,0,0,0,0,0,0,0
4,828,-193.0,153,terminated,0,9,1,0,-193.0,0,0,1,1,0,0,1,1,0,0,113,0,0,0,0,0,0,0,0
4,829,-100.0,300,truncated,0,35,0,0,-100.0,0,0,0,0,0,0,0,0,0,0,217,0,0,0,0,0,0,0,0
4,830,-100.0,300,truncated,0,35,0,0,-100.0,0,0,0,0,0,0,0,0,0,0,297,2,2,0,0,0,0,0,0
4,831,-120.0,300,truncated,0,37,0,0,-120.0,0,0,0,0,0,0,0,0,0,0,202,0,0,0,0,0,0,0,0
4,832,-531.0,221,terminated,0,36,1,0,-531.0,0,0,1,1,0,0,1,1,0,0,1,0,0,0,0,0,0,0,0
4,833,-508.0,238,terminated,0,32,1,0,-508.0,0,0,1,1,0,0,1,1,0,0,234,0,0,0,0,0,0,0,0
4,834,943.0,107,terminated,0,0,0,0,943.0,1,0,1,1,0,0,1,1,0,0,73,0,0,0,0,0,0,0,0
4,835,834.0,216,terminated,0,0,0,0,834.0,1,0,1,1,0,0,1,1,0,0,107,0,0,0,0,0,0,0,0
4,836,931.0,119,terminated,0,0,0,0,931.0,1,0,1,1,0,0,1,1,0,0,46,0,0,0,0,0,0,0,0
4,837,878.0,172,terminated,0,0,0,0,878.0,1,0,1,1,0,0,1,1,0,0,111,0,0,0,0,0,0,0,0
4,838,-110.0,300,truncated,0,36,0,0,-110.0,0,0,0,0,0,0,0,0,0,0,293,0,0,0,0,0,0,0,0
4,839,30.0,300,truncated,0,22,0,0,30.0,0,0,0,0,0,0,0,0,0,0,147,0,0,0,0,0,0,0,0
4,840,10.0,300,truncated,0,24,0,0,10.0,0,0,0,0,0,0,0,0,0,0,270,0,0,0,0,0,0,0,0
4,841,-402.0,42,terminated,0,41,1,0,-402.0,0,0,1,1,0,0,1,1,0,0,33,0,0,0,0,0,0,0,0
4,842,-30.0,300,truncated,0,28,0,0,-30.0,0,0,0,0,0,0,0,0,0,0,86,0,0,0,0,0,0,0,0
4,843,-446.0,96,terminated,0,40,1,0,-446.0,0,0,1,1,0,0,1,1,0,0,10,0,0,0,0,0,0,0,0
4,844,767.0,283,terminated,0,0,0,0,767.0,1,0,1,1,0,0,1,1,0,0,105,3,3,0,0,0,0,0,0
4,845,0.0,300,truncated,0,25,0,0,0.0,0,0,0,0,0,0,0,0,0,0,155,0,0,0,0,0,0,0,0
4,846,-472.0,162,terminated,0,36,1,0,-472.0,0,0,1,1,0,0,1,1,0,0,1,0,0,0,0,0,0,0,0
4,847,-100.0,300,truncated,0,35,0,0,-100.0,0,0,0,0,0,0,0,0,0,0,174,0,0,0,0,0,0,0,0
4,848,885.0,165,terminated,0,0,0,0,885.0,1,0,1,1,0,0,1,1,0,0,93,0,0,0,0,0,0,0,0
4,849,-50.0,300,truncated,0,30,0,0,-50.0,0,0,0,0,0,0,0,0,0,0,143,0,0,0,0,0,0,0,0
4,850,-140.0,300,truncated,0,39,0,0,-140.0,0,0,0,0,0,0,0,0,0,0,3,0,0,0,0,0,0,0,0
4,851,-100.0,300,truncated,0,35,0,0,-100.0,0,0,0,0,0,0,0,0,0,0,289,0,0,0,0,0,0,0,0
4,852,800.0,250,terminated,0,0,0,0,800.0,1,0,1,1,0,0,1,1,0,0,105,0,0,0,0,0,0,0,0
4,853,-453.0,163,terminated,0,34,1,0,-453.0,0,0,1,1,0,0,1,1,0,0,147,0,0,0,0,0,0,0,0
4,854,-380.0,30,terminated,0,40,1,0,-380.0,0,0,1,1,0,0,1,1,0,0,3,0,0,0,0,0,0,0,0
4,855,0.0,300,truncated,0,25,0,0,0.0,0,0,0,0,0,0,0,0,0,0,63,0,0,0,0,0,0,0,0
4,856,-151.0,121,terminated,0,8,1,0,-151.0,0,0,1,1,0,0,1,1,0,0,35,0,0,0,0,0,0,0,0
4,857,-477.0,97,terminated,0,43,1,0,-477.0,0,0,1,1,0,0,1,1,0,0,8,0,0,0,0,0,0,0,0
4,858,290.0,300,truncated,0,16,0,1,290.0,0,1,0,2,0,1,0,1,0,1,87,0,1,0,1,1,0,1,1
4,859,-447.0,127,terminated,0,37,1,0,-447.0,0,0,1,1,0,0,1,1,0,0,1,0,0,0,0,0,0,0,0
4,860,-100.0,300,truncated,0,35,0,0,-100.0,0,0,0,0,0,0,0,0,0,0,272,0,0,0,0,0,0,0,0
4,861,-110.0,300,truncated,0,36,0,0,-110.0,0,0,0,0,0,0,0,0,0,0,233,0,0,0,0,0,0,0,0
4,862,-40.0,300,truncated,0,29,0,0,-40.0,0,0,0,0,0,0,0,0,0,0,265,0,0,0,0,0,0,0,0
4,863,-30.0,300,truncated,0,28,0,0,-30.0,0,0,0,0,0,0,0,0,0,0,121,1,1,0,0,0,0,0,0
4,864,-430.0,90,terminated,0,39,1,0,-430.0,0,0,1,1,0,0,1,1,0,0,83,0,0,0,0,0,0,0,0
4,865,-498.0,38,terminated,0,51,1,0,-498.0,0,0,1,1,0,0,1,1,0,0,8,0,0,0,0,0,0,0,0
4,866,-110.0,300,truncated,0,36,0,0,-110.0,0,0,0,0,0,0,0,0,0,0,1,0,0,0,0,0,0,0,0
4,867,-100.0,300,truncated,0,35,0,0,-100.0,0,0,0,0,0,0,0,0,0,0,4,0,0,0,0,0,0,0,0
4,868,-190.0,110,terminated,0,13,1,0,-190.0,0,0,1,1,0,0,1,1,0,0,63,0,0,0,0,0,0,0,0
4,869,50.0,300,truncated,0,20,0,0,50.0,0,0,0,0,0,0,0,0,0,0,206,0,0,0,0,0,0,0,0
4,870,-40.0,300,truncated,0,29,0,0,-40.0,0,0,0,0,0,0,0,0,0,0,36,0,0,0,0,0,0,0,0
4,871,-60.0,300,truncated,0,31,0,0,-60.0,0,0,0,0,0,0,0,0,0,0,295,0,0,0,0,0,0,0,0
4,872,870.0,180,terminated,0,0,0,0,870.0,1,0,1,1,0,0,1,1,0,0,102,0,0,0,0,0,0,0,0
4,873,-80.0,300,truncated,0,33,0,0,-80.0,0,0,0,0,0,0,0,0,0,0,12,0,0,0,0,0,0,0,0
4,874,-50.0,300,truncated,0,30,0,0,-50.0,0,0,0,0,0,0,0,0,0,0,230,1,1,0,0,0,0,0,0
4,875,-458.0,128,terminated,0,38,1,0,-458.0,0,0,1,1,0,0,1,1,0,0,26,0,0,0,0,0,0,0,0
4,876,-90.0,300,truncated,0,34,0,0,-90.0,0,0,0,0,0,0,0,0,0,0,287,0,0,0,0,0,0,0,0
4,877,-30.0,300,truncated,0,28,0,0,-30.0,0,0,0,0,0,0,0,0,0,0,69,0,0,0,0,0,0,0,0
4,878,-110.0,300,truncated,0,36,0,0,-110.0,0,0,0,0,0,0,0,0,0,0,214,0,0,0,0,0,0,0,0
4,879,-529.0,209,terminated,0,37,1,0,-529.0,0,0,1,1,0,0,1,1,0,0,204,0,0,0,0,0,0,0,0
4,880,-130.0,300,truncated,0,38,0,0,-130.0,0,0,0,0,0,0,0,0,0,0,68,0,0,0,0,0,0,0,0
4,881,0.0,300,truncated,0,25,0,0,0.0,0,0,0,0,0,0,0,0,0,0,148,0,0,0,0,0,0,0,0
4,882,-504.0,194,terminated,0,36,1,0,-504.0,0,0,1,1,0,0,1,1,0,0,2,0,0,0,0,0,0,0,0
4,883,-160.0,300,truncated,0,41,0,0,-160.0,0,0,0,0,0,0,0,0,0,0,3,0,0,0,0,0,0,0,0
4,884,-110.0,300,truncated,0,36,0,0,-110.0,0,0,0,0,0,0,0,0,0,0,5,0,0,0,0,0,0,0,0
4,885,-130.0,300,truncated,0,38,0,0,-130.0,0,0,0,0,0,0,0,0,0,0,16,0,0,0,0,0,0,0,0
4,886,-110.0,300,truncated,0,36,0,0,-110.0,0,0,0,0,0,0,0,0,0,0,2,1,1,0,0,0,0,0,0
4,887,837.0,213,terminated,0,0,0,0,837.0,1,0,1,1,0,0,1,1,0,0,110,7,7,0,0,0,0,0,0
4,888,-155.0,155,terminated,0,5,1,0,-155.0,0,0,1,1,0,0,1,1,0,0,48,0,0,0,0,0,0,0,0
4,889,804.0,246,terminated,0,0,0,0,804.0,1,0,1,1,0,0,1,1,0,0,76,0,0,0,0,0,0,0,0
4,890,-517.0,147,terminated,0,42,1,0,-517.0,0,0,1,1,0,0,1,1,0,0,6,0,0,0,0,0,0,0,0
4,891,-120.0,300,truncated,0,37,0,0,-120.0,0,0,0,0,0,0,0,0,0,0,5,0,0,0,0,0,0,0,0
4,892,-462.0,152,terminated,0,36,1,0,-462.0,0,0,1,1,0,0,1,1,0,0,3,0,0,0,0,0,0,0,0
4,893,-584.0,224,terminated,0,41,1,0,-584.0,0,0,1,1,0,0,1,1,0,0,1,0,0,0,0,0,0,0,0
4,894,-565.0,265,terminated,0,35,1,0,-565.0,0,0,1,1,0,0,1,1,0,0,2,0,0,0,0,0,0,0,0
4,895,929.0,121,terminated,0,0,0,0,929.0,1,0,1,1,0,0,1,1,0,0,43,0,0,0,0,0,0,0,0
4,896,871.0,179,terminated,0,0,0,0,871.0,1,0,1,1,0,0,1,1,0,0,79,0,0,0,0,0,0,0,0
4,897,-110.0,300,truncated,0,36,0,0,-110.0,0,0,0,0,0,0,0,0,0,0,166,0,0,0,0,0,0,0,0
4,898,80.0,300,truncated,0,17,0,0,80.0,0,0,0,0,0,0,0,0,0,0,251,0,0,0,0,0,0,0,0
4,899,-110.0,300,truncated,0,36,0,0,-110.0,0,0,0,0,0,0,0,0,0,0,3,0,0,0,0,0,0,0,0
4,900,-514.0,244,terminated,0,32,1,0,-514.0,0,0,1,1,0,0,1,1,0,0,200,0,0,0,0,0,0,0,0
4,901,-30.0,300,truncated,0,28,0,0,-30.0,0,0,0,0,0,0,0,0,0,0,296,0,0,0,0,0,0,0,0
4,902,-40.0,300,truncated,0,29,0,0,-40.0,0,0,0,0,0,0,0,0,0,0,143,0,0,0,0,0,0,0,0
4,903,-582.0,252,terminated,0,38,1,0,-582.0,0,0,1,1,0,0,1,1,0,0,222,0,0,0,0,0,0,0,0
4,904,-200.0,160,terminated,0,9,1,0,-200.0,0,0,1,1,0,0,1,1,0,0,99,0,0,0,0,0,0,0,0
4,905,-299.0,99,terminated,0,25,1,0,-299.0,0,0,1,1,0,0,1,1,0,0,84,1,1,0,0,0,0,0,0
4,906,30.0,300,truncated,0,22,0,0,30.0,0,0,0,0,0,0,0,0,0,0,242,0,0,0,0,0,0,0,0
4,907,-40.0,300,truncated,0,29,0,0,-40.0,0,0,0,0,0,0,0,0,0,0,99,0,0,0,0,0,0,0,0
4,908,853.0,197,terminated,0,0,0,0,853.0,1,0,1,1,0,0,1,1,0,0,65,0,0,0,0,0,0,0,0
4,909,-100.0,300,truncated,0,35,0,0,-100.0,0,0,0,0,0,0,0,0,0,0,266,0,0,0,0,0,0,0,0
4,910,-150.0,300,truncated,0,40,0,0,-150.0,0,0,0,0,0,0,0,0,0,0,3,0,0,0,0,0,0,0,0
4,911,876.0,174,terminated,0,0,0,0,876.0,1,0,1,1,0,0,1,1,0,0,42,0,0,0,0,0,0,0,0
4,912,-90.0,300,truncated,0,34,0,0,-90.0,0,0,0,0,0,0,0,0,0,0,294,0,0,0,0,0,0,0,0
4,913,855.0,195,terminated,0,0,0,0,855.0,1,0,1,1,0,0,1,1,0,0,116,0,0,0,0,0,0,0,0
4,914,-140.0,300,truncated,0,39,0,0,-140.0,0,0,0,0,0,0,0,0,0,0,2,0,0,0,0,0,0,0,0
4,915,-20.0,300,truncated,0,27,0,0,-20.0,0,0,0,0,0,0,0,0,0,0,196,0,0,0,0,0,0,0,0
4,916,-70.0,300,truncated,0,32,0,0,-70.0,0,0,0,0,0,0,0,0,0,0,114,3,3,0,0,0,0,0,0
4,917,1119.0,131,terminated,1,0,0,0,1119.0,1,0,0,1,1,0,0,1,1,0,10,2,3,1,0,1,1,0,0
4,918,-568.0,278,terminated,0,34,1,0,-568.0,0,0,1,1,0,0,1,1,0,0,276,0,0,0,0,0,0,0,0
4,919,-140.0,300,truncated,0,39,0,0,-140.0,0,0,0,0,0,0,0,0,0,0,157,0,0,0,0,0,0,0,0
4,920,897.0,153,terminated,0,0,0,0,897.0,1,0,1,1,0,0,1,1,0,0,87,0,0,0,0,0,0,0,0
4,921,-496.0,186,terminated,0,36,1,0,-496.0,0,0,1,1,0,0,1,1,0,0,7,0,0,0,0,0,0,0,0
4,922,-80.0,300,truncated,0,33,0,0,-80.0,0,0,0,0,0,0,0,0,0,0,118,0,0,0,0,0,0,0,0
4,923,-140.0,300,truncated,0,39,0,0,-140.0,0,0,0,0,0,0,0,0,0,0,296,0,0,0,0,0,0,0,0
4,924,-160.0,300,truncated,0,41,0,0,-160.0,0,0,0,0,0,0,0,0,0,0,2,0,0,0,0,0,0,0,0
4,925,811.0,239,terminated,0,0,0,0,811.0,1,0,1,1,0,0,1,1,0,0,49,0,0,0,0,0,0,0,0
4,926,-80.0,300,truncated,0,33,0,0,-80.0,0,0,0,0,0,0,0,0,0,0,77,0,0,0,0,0,0,0,0
4,927,-90.0,300,truncated,0,34,0,0,-90.0,0,0,0,0,0,0,0,0,0,0,110,0,0,0,0,0,0,0,0
4,928,-50.0,300,truncated,0,30,0,0,-50.0,0,0,0,0,0,0,0,0,0,0,268,0,0,0,0,0,0,0,0
4,929,-90.0,300,truncated,0,34,0,0,-90.0,0,0,0,0,0,0,0,0,0,0,294,0,0,0,0,0,0,0,0
4,930,-100.0,300,truncated,0,35,0,0,-100.0,0,0,0,0,0,0,0,0,0,0,14,0,0,0,0,0,0,0,0
4,931,10.0,300,truncated,0,24,0,0,10.0,0,0,0,0,0,0,0,0,0,0,83,0,0,0,0,0,0,0,0
4,932,-100.0,300,truncated,0,35,0,0,-100.0,0,0,0,0,0,0,0,0,0,0,69,0,0,0,0,0,0,0,0
4,933,-130.0,300,truncated,0,38,0,0,-130.0,0,0,0,0,0,0,0,0,0,0,181,0,0,0,0,0,0,0,0
4,934,861.0,189,terminated,0,0,0,0,861.0,1,0,1,1,0,0,1,1,0,0,50,0,0,0,0,0,0,0,0
4,935,756.0,294,terminated,0,0,0,0,756.0,1,0,1,1,0,0,1,1,0,0,133,0,0,0,0,0,0,0,0
4,936,-574.0,264,terminated,0,36,1,0,-574.0,0,0,1,1,0,0,1,1,0,0,5,0,0,0,0,0,0,0,0
4,937,-110.0,300,truncated,0,36,0,0,-110.0,0,0,0,0,0,0,0,0,0,0,4,0,0,0,0,0,0,0,0
4,938,-549.0,219,terminated,0,38,1,0,-549.0,0,0,1,1,0,0,1,1,0,0,165,7,7,0,0,0,0,0,0
4,939,-120.0,300,truncated,0,37,0,0,-120.0,0,0,0,0,0,0,0,0,0,0,1,0,0,0,0,0,0,0,0
4,940,-100.0,300,truncated,0,35,0,0,-100.0,0,0,0,0,0,0,0,0,0,0,183,3,3,0,0,0,0,0,0
4,941,10.0,300,truncated,0,24,0,0,10.0,0,0,0,0,0,0,0,0,0,0,160,0,0,0,0,0,0,0,0
4,942,833.0,217,terminated,0,0,0,0,833.0,1,0,1,1,0,0,1,1,0,0,123,0,0,0,0,0,0,0,0
4,943,-416.0,36,terminated,0,43,1,0,-416.0,0,0,1,1,0,0,1,1,0,0,5,0,0,0,0,0,0,0,0
4,944,-150.0,300,truncated,0,40,0,0,-150.0,0,0,0,0,0,0,0,0,0,0,5,0,0,0,0,0,0,0,0
4,945,-80.0,300,truncated,0,33,0,0,-80.0,0,0,0,0,0,0,0,0,0,0,2,0,0,0,0,0,0,0,0
4,946,-90.0,300,truncated,0,34,0,0,-90.0,0,0,0,0,0,0,0,0,0,0,254,0,0,0,0,0,0,0,0
4,947,-60.0,300,truncated,0,31,0,0,-60.0,0,0,0,0,0,0,0,0,0,0,13,7,7,0,0,0,0,0,0
4,948,-60.0,300,truncated,0,31,0,0,-60.0,0,0,0,0,0,0,0,0,0,0,267,0,0,0,0,0,0,0,0
4,949,-415.0,225,terminated,0,24,1,0,-415.0,0,0,1,1,0,0,1,1,0,0,169,0,0,0,0,0,0,0,0
4,950,-473.0,273,terminated,0,25,1,0,-473.0,0,0,1,1,0,0,1,1,0,0,143,0,0,0,0,0,0,0,0
4,951,-110.0,300,truncated,0,36,0,0,-110.0,0,0,0,0,0,0,0,0,0,0,8,0,0,0,0,0,0,0,0
4,952,-70.0,300,truncated,0,32,0,0,-70.0,0,0,0,0,0,0,0,0,0,0,258,0,0,0,0,0,0,0,0
4,953,819.0,231,terminated,0,0,0,0,819.0,1,0,1,1,0,0,1,1,0,0,182,0,0,0,0,0,0,0,0
4,954,10.0,300,truncated,0,24,0,0,10.0,0,0,0,0,0,0,0,0,0,0,21,0,0,0,0,0,0,0,0
4,955,50.0,300,truncated,0,20,0,0,50.0,0,0,0,0,0,0,0,0,0,0,130,0,0,0,0,0,0,0,0
4,956,-607.0,277,terminated,0,38,1,0,-607.0,0,0,1,1,0,0,1,1,0,0,159,1,1,0,0,0,0,0,0
4,957,-461.0,81,terminated,0,43,1,0,-461.0,0,0,1,1,0,0,1,1,0,0,7,0,0,0,0,0,0,0,0
4,958,810.0,240,terminated,0,0,0,0,810.0,1,0,1,1,0,0,1,1,0,0,164,0,0,0,0,0,0,0,0
4,959,865.0,185,terminated,0,0,0,0,865.0,1,0,1,1,0,0,1,1,0,0,127,0,0,0,0,0,0,0,0
4,960,-30.0,300,truncated,0,28,0,0,-30.0,0,0,0,0,0,0,0,0,0,0,103,0,0,0,0,0,0,0,0
4,961,-30.0,300,truncated,0,28,0,0,-30.0,0,0,0,0,0,0,0,0,0,0,108,0,0,0,0,0,0,0,0
4,962,-483.0,93,terminated,0,44,1,0,-483.0,0,0,1,1,0,0,1,1,0,0,77,0,0,0,0,0,0,0,0
4,963,-50.0,300,truncated,0,30,0,0,-50.0,0,0,0,0,0,0,0,0,0,0,280,0,0,0,0,0,0,0,0
4,964,-425.0,125,terminated,0,35,1,0,-425.0,0,0,1,1,0,0,1,1,0,0,42,0,0,0,0,0,0,0,0
4,965,1089.0,161,terminated,0,0,0,1,1089.0,1,1,0,2,0,1,0,1,0,1,52,2,3,0,1,1,0,1,1
4,966,946.0,104,terminated,0,0,0,0,946.0,1,0,1,1,0,0,1,1,0,0,58,0,0,0,0,0,0,0,0
4,967,-498.0,148,terminated,0,40,1,0,-498.0,0,0,1,1,0,0,1,1,0,0,3,0,0,0,0,0,0,0,0
4,968,-536.0,276,terminated,0,31,1,0,-536.0,0,0,1,1,0,0,1,1,0,0,192,0,0,0,0,0,0,0,0
4,969,-170.0,300,truncated,0,42,0,0,-170.0,0,0,0,0,0,0,0,0,0,0,15,1,1,0,0,0,0,0,0
4,970,-371.0,91,terminated,0,33,1,0,-371.0,0,0,1,1,0,0,1,1,0,0,61,4,4,0,0,0,0,0,0
4,971,-110.0,300,truncated,0,36,0,0,-110.0,0,0,0,0,0,0,0,0,0,0,1,0,0,0,0,0,0,0,0
4,972,-460.0,190,terminated,0,32,1,0,-460.0,0,0,1,1,0,0,1,1,0,0,171,0,0,0,0,0,0,0,0
4,973,-396.0,86,terminated,0,36,1,0,-396.0,0,0,1,1,0,0,1,1,0,0,8,0,0,0,0,0,0,0,0
4,974,0.0,300,truncated,0,25,0,0,0.0,0,0,0,0,0,0,0,0,0,0,139,0,0,0,0,0,0,0,0
4,975,-60.0,300,truncated,0,31,0,0,-60.0,0,0,0,0,0,0,0,0,0,0,242,0,0,0,0,0,0,0,0
4,976,-70.0,300,truncated,0,32,0,0,-70.0,0,0,0,0,0,0,0,0,0,0,198,0,0,0,0,0,0,0,0
4,977,899.0,151,terminated,0,0,0,0,899.0,1,0,1,1,0,0,1,1,0,0,37,0,0,0,0,0,0,0,0
4,978,-120.0,300,truncated,0,37,0,0,-120.0,0,0,0,0,0,0,0,0,0,0,1,1,1,0,0,0,0,0,0
4,979,-30.0,300,truncated,0,28,0,0,-30.0,0,0,0,0,0,0,0,0,0,0,120,0,0,0,0,0,0,0,0
4,980,-70.0,300,truncated,0,32,0,0,-70.0,0,0,0,0,0,0,0,0,0,0,285,0,0,0,0,0,0,0,0
4,981,-473.0,193,terminated,0,33,1,0,-473.0,0,0,1,1,0,0,1,1,0,0,33,0,0,0,0,0,0,0,0
4,982,906.0,144,terminated,0,0,0,0,906.0,1,0,1,1,0,0,1,1,0,0,63,0,0,0,0,0,0,0,0
4,983,-100.0,300,truncated,0,35,0,0,-100.0,0,0,0,0,0,0,0,0,0,0,296,0,0,0,0,0,0,0,0
4,984,-545.0,215,terminated,0,38,1,0,-545.0,0,0,1,1,0,0,1,1,0,0,203,0,0,0,0,0,0,0,0
4,985,889.0,161,terminated,0,0,0,0,889.0,1,0,1,1,0,0,1,1,0,0,42,0,0,0,0,0,0,0,0
4,986,920.0,130,terminated,0,0,0,0,920.0,1,0,1,1,0,0,1,1,0,0,53,0,0,0,0,0,0,0,0
4,987,170.0,300,truncated,0,8,0,0,170.0,0,0,1,1,0,0,1,1,0,0,244,2,2,0,0,0,0,0,0
4,988,-70.0,300,truncated,0,32,0,0,-70.0,0,0,0,0,0,0,0,0,0,0,290,0,0,0,0,0,0,0,0
4,989,-50.0,300,truncated,0,30,0,0,-50.0,0,0,0,0,0,0,0,0,0,0,297,0,0,0,0,0,0,0,0
4,990,-70.0,300,truncated,0,32,0,0,-70.0,0,0,0,0,0,0,0,0,0,0,263,0,0,0,0,0,0,0,0
4,991,944.0,106,terminated,0,0,0,0,944.0,1,0,1,1,0,0,1,1,0,0,29,0,0,0,0,0,0,0,0
4,992,914.0,136,terminated,0,0,0,0,914.0,1,0,1,1,0,0,1,1,0,0,32,0,0,0,0,0,0,0,0
4,993,-70.0,300,truncated,0,32,0,0,-70.0,0,0,0,0,0,0,0,0,0,0,1,0,0,0,0,0,0,0,0
4,994,-10.0,300,truncated,0,26,0,0,-10.0,0,0,0,0,0,0,0,0,0,0,36,0,0,0,0,0,0,0,0
4,995,-110.0,300,truncated,0,36,0,0,-110.0,0,0,0,0,0,0,0,0,0,0,2,0,0,0,0,0,0,0,0
4,996,-130.0,300,truncated,0,38,0,0,-130.0,0,0,0,0,0,0,0,0,0,0,295,0,0,0,0,0,0,0,0
4,997,-110.0,300,truncated,0,36,0,0,-110.0,0,0,0,0,0,0,0,0,0,0,4,0,0,0,0,0,0,0,0
4,998,10.0,300,truncated,0,24,0,0,10.0,0,0,0,0,0,0,0,0,0,0,129,1,1,0,0,0,0,0,0
4,999,0.0,300,truncated,0,25,0,0,0.0,0,0,0,0,0,0,0,0,0,0,116,1,1,0,0,0,0,0,0
