schema_version,episode,return,length,termination,metric/blue_eaten,metric/food_remaining,metric/lost,metric/orange_eaten,metric/score,metric/won,count/pacman%2Fhungry-vegan-penalty-v1/CTD,count/pacman%2Fhungry-vegan-penalty-v1/Hungr,count/pacman%2Fhungry-vegan-penalty-v1/HungryVeganPenalty,count/pacman%2Fhungry-vegan-penalty-v1/VegetarianBlue,count/pacman%2Fhungry-vegan-penalty-v1/VegetarianOrange,count/pacman%2Fhungry-vegan-v0/Hungr,count/pacman%2Fhungry-vegan-v0/HungryVegan,count/pacman%2Fhungry-vegan-v0/VegetarianBlue,count/pacman%2Fhungry-vegan-v0/VegetarianOrange,count/pacman%2Ftrapped-v1/count,count/pacman%2Fvegan-conflict-v1/OblBlue,count/pacman%2Fvegan-conflict-v1/VeganConflict,count/pacman%2Fvegan-conflict-v1/VegetarianBlue,count/pacman%2Fvegan-conflict-v1/VegetarianOrange,count/pacman%2Fvegan-v0/Vegan,count/pacman%2Fvegan-v0/VegetarianBlue,count/pacman%2Fvegan-v0/VegetarianOrange,count/pacman%2Fvegetarian-orange-v0/count
4,0,952.0,98,terminated,0,0,0,0,952.0,1,0,1,1,0,0,1,1,0,0,27,0,0,0,0,0,0,0,0
4,1,957.0,93,terminated,0,0,0,0,957.0,1,0,1,1,0,0,1,1,0,0,61,0,0,0,0,0,0,0,0
4,2,977.0,73,terminated,0,0,0,0,977.0,1,0,1,1,0,0,1,1,0,0,41,0,0,0,0,0,0,0,0
4,3,932.0,118,terminated,0,0,0,0,932.0,1,0,1,1,0,0,1,1,0,0,27,0,0,0,0,0,0,0,0
4,4,949.0,101,terminated,0,0,0,0,949.0,1,0,1,1,0,0,1,1,0,0,35,0,0,0,0,0,0,0,0
4,5,967.0,83,terminated,0,0,0,0,967.0,1,0,1,1,0,0,1,1,0,0,35,0,0,0,0,0,0,0,0
4,6,971.0,79,terminated,0,0,0,0,971.0,1,0,1,1,0,0,1,1,0,0,42,0,0,0,0,0,0,0,0
4,7,973.0,77,terminated,0,0,0,0,973.0,1,0,1,1,0,0,1,1,0,0,44,0,0,0,0,0,0,0,0
4,8,952.0,98,terminated,0,0,0,0,952.0,1,0,1,1,0,0,1,1,0,0,41,0,0,0,0,0,0,0,0
4,9,963.0,87,terminated,0,0,0,0,963.0,1,0,1,1,0,0,1,1,0,0,31,0,0,0,0,0,0,0,0
4,10,922.0,128,terminated,0,0,0,0,922.0,1,0,1,1,0,0,1,1,0,0,50,0,0,0,0,0,0,0,0
4,11,980.0,70,terminated,0,0,0,0,980.0,1,0,1,1,0,0,1,1,0,0,35,0,0,0,0,0,0,0,0
4,12,970.0,80,terminated,0,0,0,0,970.0,1,0,1,1,0,0,1,1,0,0,44,0,0,0,0,0,0,0,0
4,13,969.0,81,terminated,0,0,0,0,969.0,1,0,1,1,0,0,1,1,0,0,36,0,0,0,0,0,0,0,0
4,14,945.0,105,terminated,0,0,0,0,945.0,1,0,1,1,0,0,1,1,0,0,34,0,0,0,0,0,0,0,0
4,15,964.0,86,terminated,0,0,0,0,964.0,1,0,1,1,0,0,1,1,0,0,42,0,0,0,0,0,0,0,0
4,16,968.0,82,terminated,0,0,0,0,968.0,1,0,1,1,0,0,1,1,0,0,49,0,0,0,0,0,0,0,0
4,17,973.0,77,terminated,0,0,0,0,973.0,1,0,1,1,0,0,1,1,0,0,36,0,0,0,0,0,0,0,0
4,18,950.0,100,terminated,0,0,0,0,950.0,1,0,1,1,0,0,1,1,0,0,41,0,0,0,0,0,0,0,0
4,19,915.0,135,terminated,0,0,0,0,915.0,1,0,1,1,0,0,1,1,0,0,32,0,0,0,0,0,0,0,0
4,20,951.0,99,terminated,0,0,0,0,951.0,1,0,1,1,0,0,1,1,0,0,31,0,0,0,0,0,0,0,0
4,21,979.0,71,terminated,0,0,0,0,979.0,1,0,1,1,0,0,1,1,0,0,33,0,0,0,0,0,0,0,0
4,22,969.0,81,terminated,0,0,0,0,969.0,1,0,1,1,0,0,1,1,0,0,33,0,0,0,0,0,0,0,0
4,23,918.0,132,terminated,0,0,0,0,918.0,1,0,1,1,0,0,1,1,0,0,35,0,0,0,0,0,0,0,0
4,24,968.0,82,terminated,0,0,0,0,968.0,1,0,1,1,0,0,1,1,0,0,35,0,0,0,0,0,0,0,0
4,25,976.0,74,terminated,0,0,0,0,976.0,1,0,1,1,0,0,1,1,0,0,40,0,0,0,0,0,0,0,0
4,26,960.0,90,terminated,0,0,0,0,960.0,1,0,1,1,0,0,1,1,0,0,44,0,0,0,0,0,0,0,0
4,27,959.0,91,terminated,0,0,0,0,959.0,1,0,1,1,0,0,1,1,0,0,32,0,0,0,0,0,0,0,0
4,28,985.0,65,terminated,0,0,0,0,985.0,1,0,1,1,0,0,1,1,0,0,33,0,0,0,0,0,0,0,0
4,29,979.0,71,terminated,0,0,0,0,979.0,1,0,1,1,0,0,1,1,0,0,35,0,0,0,0,0,0,0,0
4,30,-293.0,33,terminated,0,31,1,0,-293.0,0,0,1,1,0,0,1,1,0,0,33,0,0,0,0,0,0,0,0
4,31,943.0,107,terminated,0,0,0,0,943.0,1,0,1,1,0,0,1,1,0,0,41,0,0,0,0,0,0,0,0
4,32,940.0,110,terminated,0,0,0,0,940.0,1,0,1,1,0,0,1,1,0,0,72,0,0,0,0,0,0,0,0
4,33,-299.0,39,terminated,0,31,1,0,-299.0,0,0,1,1,0,0,1,1,0,0,39,0,0,0,0,0,0,0,0
4,34,948.0,102,terminated,0,0,0,0,948.0,1,0,1,1,0,0,1,1,0,0,67,0,0,0,0,0,0,0,0
4,35,981.0,69,terminated,0,0,0,0,981.0,1,0,1,1,0,0,1,1,0,0,35,0,0,0,0,0,0,0,0
4,36,-53.0,63,terminated,0,4,1,0,-53.0,0,0,1,1,0,0,1,1,0,0,27,0,0,0,0,0,0,0,0
4,37,972.0,78,terminated,0,0,0,0,972.0,1,0,1,1,0,0,1,1,0,0,39,0,0,0,0,0,0,0,0
4,38,980.0,70,terminated,0,0,0,0,980.0,1,0,1,1,0,0,1,1,0,0,32,0,0,0,0,0,0,0,0
4,39,969.0,81,terminated,0,0,0,0,969.0,1,0,1,1,0,0,1,1,0,0,42,0,0,0,0,0,0,0,0
4,40,974.0,76,terminated,0,0,0,0,974.0,1,0,1,1,0,0,1,1,0,0,33,0,0,0,0,0,0,0,0
4,41,980.0,70,terminated,0,0,0,0,980.0,1,0,1,1,0,0,1,1,0,0,35,0,0,0,0,0,0,0,0
4,42,941.0,109,terminated,0,0,0,0,941.0,1,0,1,1,0,0,1,1,0,0,43,0,0,0,0,0,0,0,0
4,43,929.0,121,terminated,0,0,0,0,929.0,1,0,1,1,0,0,1,1,0,0,34,0,0,0,0,0,0,0,0
4,44,949.0,101,terminated,0,0,0,0,949.0,1,0,1,1,0,0,1,1,0,0,67,0,0,0,0,0,0,0,0
4,45,976.0,74,terminated,0,0,0,0,976.0,1,0,1,1,0,0,1,1,0,0,33,0,0,0,0,0,0,0,0
4,46,978.0,72,terminated,0,0,0,0,978.0,1,0,1,1,0,0,1,1,0,0,37,0,0,0,0,0,0,0,0
4,47,958.0,92,terminated,0,0,0,0,958.0,1,0,1,1,0,0,1,1,0,0,37,0,0,0,0,0,0,0,0
4,48,962.0,88,terminated,0,0,0,0,962.0,1,0,1,1,0,0,1,1,0,0,44,0,0,0,0,0,0,0,0
4,49,951.0,99,terminated,0,0,0,0,951.0,1,0,1,1,0,0,1,1,0,0,41,0,0,0,0,0,0,0,0
4,50,969.0,81,terminated,0,0,0,0,969.0,1,0,1,1,0,0,1,1,0,0,35,0,0,0,0,0,0,0,0
4,51,977.0,73,terminated,0,0,0,0,977.0,1,0,1,1,0,0,1,1,0,0,35,0,0,0,0,0,0,0,0
4,52,970.0,80,terminated,0,0,0,0,970.0,1,0,1,1,0,0,1,1,0,0,37,0,0,0,0,0,0,0,0
4,53,925.0,125,terminated,0,0,0,0,925.0,1,0,1,1,0,0,1,1,0,0,27,0,0,0,0,0,0,0,0
4,54,-72.0,72,terminated,0,5,1,0,-72.0,0,0,1,1,0,0,1,1,0,0,35,0,0,0,0,0,0,0,0
4,55,924.0,126,terminated,0,0,0,0,924.0,1,0,1,1,0,0,1,1,0,0,24,0,0,0,0,0,0,0,0
4,56,973.0,77,terminated,0,0,0,0,973.0,1,0,1,1,0,0,1,1,0,0,42,0,0,0,0,0,0,0,0
4,57,972.0,78,terminated,0,0,0,0,972.0,1,0,1,1,0,0,1,1,0,0,39,0,0,0,0,0,0,0,0
4,58,942.0,108,terminated,0,0,0,0,942.0,1,0,1,1,0,0,1,1,0,0,40,0,0,0,0,0,0,0,0
4,59,957.0,93,terminated,0,0,0,0,957.0,1,0,1,1,0,0,1,1,0,0,36,0,0,0,0,0,0,0,0
4,60,970.0,80,terminated,0,0,0,0,970.0,1,0,1,1,0,0,1,1,0,0,42,0,0,0,0,0,0,0,0
4,61,979.0,71,terminated,0,0,0,0,979.0,1,0,1,1,0,0,1,1,0,0,33,0,0,0,0,0,0,0,0
4,62,955.0,95,terminated,0,0,0,0,955.0,1,0,1,1,0,0,1,1,0,0,35,0,0,0,0,0,0,0,0
4,63,975.0,75,terminated,0,0,0,0,975.0,1,0,1,1,0,0,1,1,0,0,34,0,0,0,0,0,0,0,0
4,64,970.0,80,terminated,0,0,0,0,970.0,1,0,1,1,0,0,1,1,0,0,38,0,0,0,0,0,0,0,0
4,65,975.0,75,terminated,0,0,0,0,975.0,1,0,1,1,0,0,1,1,0,0,33,0,0,0,0,0,0,0,0
4,66,964.0,86,terminated,0,0,0,0,964.0,1,0,1,1,0,0,1,1,0,0,46,0,0,0,0,0,0,0,0
4,67,958.0,92,terminated,0,0,0,0,958.0,1,0,1,1,0,0,1,1,0,0,43,0,0,0,0,0,0,0,0
4,68,952.0,98,terminated,0,0,0,0,952.0,1,0,1,1,0,0,1,1,0,0,43,0,0,0,0,0,0,0,0
4,69,951.0,99,terminated,0,0,0,0,951.0,1,0,1,1,0,0,1,1,0,0,35,0,0,0,0,0,0,0,0
4,70,978.0,72,terminated,0,0,0,0,978.0,1,0,1,1,0,0,1,1,0,0,27,0,0,0,0,0,0,0,0
4,71,937.0,113,terminated,0,0,0,0,937.0,1,0,1,1,0,0,1,1,0,0,27,0,0,0,0,0,0,0,0
4,72,958.0,92,terminated,0,0,0,0,958.0,1,0,1,1,0,0,1,1,0,0,33,0,0,0,0,0,0,0,0
4,73,981.0,69,terminated,0,0,0,0,981.0,1,0,1,1,0,0,1,1,0,0,36,0,0,0,0,0,0,0,0
4,74,968.0,82,terminated,0,0,0,0,968.0,1,0,1,1,0,0,1,1,0,0,33,0,0,0,0,0,0,0,0
4,75,977.0,73,terminated,0,0,0,0,977.0,1,0,1,1,0,0,1,1,0,0,31,0,0,0,0,0,0,0,0
4,76,919.0,131,terminated,0,0,0,0,919.0,1,0,1,1,0,0,1,1,0,0,36,0,0,0,0,0,0,0,0
4,77,963.0,87,terminated,0,0,0,0,963.0,1,0,1,1,0,0,1,1,0,0,35,0,0,0,0,0,0,0,0
4,78,954.0,96,terminated,0,0,0,0,954.0,1,0,1,1,0,0,1,1,0,0,34,0,0,0,0,0,0,0,0
4,79,960.0,90,terminated,0,0,0,0,960.0,1,0,1,1,0,0,1,1,0,0,51,0,0,0,0,0,0,0,0
4,80,964.0,86,terminated,0,0,0,0,964.0,1,0,1,1,0,0,1,1,0,0,31,0,0,0,0,0,0,0,0
4,81,930.0,120,terminated,0,0,0,0,930.0,1,0,1,1,0,0,1,1,0,0,32,0,0,0,0,0,0,0,0
4,82,981.0,69,terminated,0,0,0,0,981.0,1,0,1,1,0,0,1,1,0,0,33,0,0,0,0,0,0,0,0
4,83,977.0,73,terminated,0,0,0,0,977.0,1,0,1,1,0,0,1,1,0,0,35,0,0,0,0,0,0,0,0
4,84,954.0,96,terminated,0,0,0,0,954.0,1,0,1,1,0,0,1,1,0,0,27,0,0,0,0,0,0,0,0
4,85,-106.0,66,terminated,0,9,1,0,-106.0,0,0,1,1,0,0,1,1,0,0,33,0,0,0,0,0,0,0,0
4,86,970.0,80,terminated,0,0,0,0,970.0,1,0,1,1,0,0,1,1,0,0,44,0,0,0,0,0,0,0,0
4,87,969.0,81,terminated,0,0,0,0,969.0,1,0,1,1,0,0,1,1,0,0,46,0,0,0,0,0,0,0,0
4,88,976.0,74,terminated,0,0,0,0,976.0,1,0,1,1,0,0,1,1,0,0,35,0,0,0,0,0,0,0,0
4,89,978.0,72,terminated,0,0,0,0,978.0,1,0,1,1,0,0,1,1,0,0,33,0,0,0,0,0,0,0,0
4,90,973.0,77,terminated,0,0,0,0,973.0,1,0,1,1,0,0,1,1,0,0,44,0,0,0,0,0,0,0,0
4,91,961.0,89,terminated,0,0,0,0,961.0,1,0,1,1,0,0,1,1,0,0,33,0,0,0,0,0,0,0,0
4,92,941.0,109,terminated,0,0,0,0,941.0,1,0,1,1,0,0,1,1,0,0,23,0,0,0,0,0,0,0,0
4,93,945.0,105,terminated,0,0,0,0,945.0,1,0,1,1,0,0,1,1,0,0,27,0,0,0,0,0,0,0,0
4,94,-320.0,40,terminated,0,33,1,0,-320.0,0,0,1,1,0,0,1,1,0,0,40,0,0,0,0,0,0,0,0
4,95,980.0,70,terminated,0,0,0,0,980.0,1,0,1,1,0,0,1,1,0,0,33,0,0,0,0,0,0,0,0
4,96,953.0,97,terminated,0,0,0,0,953.0,1,0,1,1,0,0,1,1,0,0,28,0,0,0,0,0,0,0,0
4,97,970.0,80,terminated,0,0,0,0,970.0,1,0,1,1,0,0,1,1,0,0,48,0,0,0,0,0,0,0,0
4,98,946.0,104,terminated,0,0,0,0,946.0,1,0,1,1,0,0,1,1,0,0,72,0,0,0,0,0,0,0,0
4,99,957.0,93,terminated,0,0,0,0,957.0,1,0,1,1,0,0,1,1,0,0,55,0,0,0,0,0,0,0,0
4,100,910.0,140,terminated,0,0,0,0,910.0,1,0,1,1,0,0,1,1,0,0,41,0,0,0,0,0,0,0,0
4,101,973.0,77,terminated,0,0,0,0,973.0,1,0,1,1,0,0,1,1,0,0,29,0,0,0,0,0,0,0,0
4,102,963.0,87,terminated,0,0,0,0,963.0,1,0,1,1,0,0,1,1,0,0,33,0,0,0,0,0,0,0,0
4,103,962.0,88,terminated,0,0,0,0,962.0,1,0,1,1,0,0,1,1,0,0,26,0,0,0,0,0,0,0,0
4,104,973.0,77,terminated,0,0,0,0,973.0,1,0,1,1,0,0,1,1,0,0,34,0,0,0,0,0,0,0,0
4,105,979.0,71,terminated,0,0,0,0,979.0,1,0,1,1,0,0,1,1,0,0,33,0,0,0,0,0,0,0,0
4,106,974.0,76,terminated,0,0,0,0,974.0,1,0,1,1,0,0,1,1,0,0,38,0,0,0,0,0,0,0,0
4,107,955.0,95,terminated,0,0,0,0,955.0,1,0,1,1,0,0,1,1,0,0,34,0,0,0,0,0,0,0,0
4,108,977.0,73,terminated,0,0,0,0,977.0,1,0,1,1,0,0,1,1,0,0,34,0,0,0,0,0,0,0,0
4,109,-80.0,90,terminated,0,4,1,0,-80.0,0,0,1,1,0,0,1,1,0,0,45,0,0,0,0,0,0,0,0
4,110,945.0,105,terminated,0,0,0,0,945.0,1,0,1,1,0,0,1,1,0,0,33,0,0,0,0,0,0,0,0
4,111,924.0,126,terminated,0,0,0,0,924.0,1,0,1,1,0,0,1,1,0,0,70,0,0,0,0,0,0,0,0
4,112,933.0,117,terminated,0,0,0,0,933.0,1,0,1,1,0,0,1,1,0,0,61,0,0,0,0,0,0,0,0
4,113,-51.0,61,terminated,0,4,1,0,-51.0,0,0,1,1,0,0,1,1,0,0,33,0,0,0,0,0,0,0,0
4,114,963.0,87,terminated,0,0,0,0,963.0,1,0,1,1,0,0,1,1,0,0,35,0,0,0,0,0,0,0,0
4,115,978.0,72,terminated,0,0,0,0,978.0,1,0,1,1,0,0,1,1,0,0,33,0,0,0,0,0,0,0,0
4,116,956.0,94,terminated,0,0,0,0,956.0,1,0,1,1,0,0,1,1,0,0,55,0,0,0,0,0,0,0,0
4,117,-240.0,40,terminated,0,25,1,0,-240.0,0,0,1,1,0,0,1,1,0,0,35,0,0,0,0,0,0,0,0
4,118,942.0,108,terminated,0,0,0,0,942.0,1,0,1,1,0,0,1,1,0,0,38,0,0,0,0,0,0,0,0
4,119,939.0,111,terminated,0,0,0,0,939.0,1,0,1,1,0,0,1,1,0,0,35,0,0,0,0,0,0,0,0
4,120,948.0,102,terminated,0,0,0,0,948.0,1,0,1,1,0,0,1,1,0,0,39,0,0,0,0,0,0,0,0
4,121,979.0,71,terminated,0,0,0,0,979.0,1,0,1,1,0,0,1,1,0,0,37,0,0,0,0,0,0,0,0
4,122,935.0,115,terminated,0,0,0,0,935.0,1,0,1,1,0,0,1,1,0,0,30,0,0,0,0,0,0,0,0
4,123,976.0,74,terminated,0,0,0,0,976.0,1,0,1,1,0,0,1,1,0,0,29,0,0,0,0,0,0,0,0
4,124,983.0,67,terminated,0,0,0,0,983.0,1,0,1,1,0,0,1,1,0,0,35,0,0,0,0,0,0,0,0
4,125,962.0,88,terminated,0,0,0,0,962.0,1,0,1,1,0,0,1,1,0,0,27,0,0,0,0,0,0,0,0
4,126,917.0,133,terminated,0,0,0,0,917.0,1,0,1,1,0,0,1,1,0,0,35,0,0,0,0,0,0,0,0
4,127,974.0,76,terminated,0,0,0,0,974.0,1,0,1,1,0,0,1,1,0,0,44,0,0,0,0,0,0,0,0
4,128,849.0,201,terminated,0,0,0,0,849.0,1,0,1,1,0,0,1,1,0,0,42,0,0,0,0,0,0,0,0
4,129,969.0,81,terminated,0,0,0,0,969.0,1,0,1,1,0,0,1,1,0,0,33,0,0,0,0,0,0,0,0
4,130,958.0,92,terminated,0,0,0,0,958.0,1,0,1,1,0,0,1,1,0,0,35,0,0,0,0,0,0,0,0
4,131,976.0,74,terminated,0,0,0,0,976.0,1,0,1,1,0,0,1,1,0,0,39,0,0,0,0,0,0,0,0
4,132,963.0,87,terminated,0,0,0,0,963.0,1,0,1,1,0,0,1,1,0,0,54,0,0,0,0,0,0,0,0
4,133,969.0,81,terminated,0,0,0,0,969.0,1,0,1,1,0,0,1,1,0,0,30,0,0,0,0,0,0,0,0
4,134,952.0,98,terminated,0,0,0,0,952.0,1,0,1,1,0,0,1,1,0,0,63,0,0,0,0,0,0,0,0
4,135,956.0,94,terminated,0,0,0,0,956.0,1,0,1,1,0,0,1,1,0,0,43,0,0,0,0,0,0,0,0
4,136,929.0,121,terminated,0,0,0,0,929.0,1,0,1,1,0,0,1,1,0,0,52,0,0,0,0,0,0,0,0
4,137,951.0,99,terminated,0,0,0,0,951.0,1,0,1,1,0,0,1,1,0,0,26,0,0,0,0,0,0,0,0
4,138,912.0,138,terminated,0,0,0,0,912.0,1,0,1,1,0,0,1,1,0,0,39,0,0,0,0,0,0,0,0
4,139,974.0,76,terminated,0,0,0,0,974.0,1,0,1,1,0,0,1,1,0,0,37,0,0,0,0,0,0,0,0
4,140,968.0,82,terminated,0,0,0,0,968.0,1,0,1,1,0,0,1,1,0,0,37,0,0,0,0,0,0,0,0
4,141,951.0,99,terminated,0,0,0,0,951.0,1,0,1,1,0,0,1,1,0,0,65,0,0,0,0,0,0,0,0
4,142,975.0,75,terminated,0,0,0,0,975.0,1,0,1,1,0,0,1,1,0,0,33,0,0,0,0,0,0,0,0
4,143,913.0,137,terminated,0,0,0,0,913.0,1,0,1,1,0,0,1,1,0,0,36,0,0,0,0,0,0,0,0
4,144,966.0,84,terminated,0,0,0,0,966.0,1,0,1,1,0,0,1,1,0,0,33,0,0,0,0,0,0,0,0
4,145,976.0,74,terminated,0,0,0,0,976.0,1,0,1,1,0,0,1,1,0,0,33,0,0,0,0,0,0,0,0
4,146,981.0,69,terminated,0,0,0,0,981.0,1,0,1,1,0,0,1,1,0,0,33,0,0,0,0,0,0,0,0
4,147,982.0,68,terminated,0,0,0,0,982.0,1,0,1,1,0,0,1,1,0,0,35,0,0,0,0,0,0,0,0
4,148,958.0,92,terminated,0,0,0,0,958.0,1,0,1,1,0,0,1,1,0,0,29,0,0,0,0,0,0,0,0
4,149,959.0,91,terminated,0,0,0,0,959.0,1,0,1,1,0,0,1,1,0,0,37,0,0,0,0,0,0,0,0
4,150,969.0,81,terminated,0,0,0,0,969.0,1,0,1,1,0,0,1,1,0,0,35,0,0,0,0,0,0,0,0
4,151,963.0,87,terminated,0,0,0,0,963.0,1,0,1,1,0,0,1,1,0,0,41,0,0,0,0,0,0,0,0
4,152,943.0,107,terminated,0,0,0,0,943.0,1,0,1,1,0,0,1,1,0,0,39,0,0,0,0,0,0,0,0
4,153,981.0,69,terminated,0,0,0,0,981.0,1,0,1,1,0,0,1,1,0,0,37,0,0,0,0,0,0,0,0
4,154,964.0,86,terminated,0,0,0,0,964.0,1,0,1,1,0,0,1,1,0,0,27,0,0,0,0,0,0,0,0
4,155,978.0,72,terminated,0,0,0,0,978.0,1,0,1,1,0,0,1,1,0,0,38,0,0,0,0,0,0,0,0
4,156,940.0,110,terminated,0,0,0,0,940.0,1,0,1,1,0,0,1,1,0,0,36,0,0,0,0,0,0,0,0
4,157,978.0,72,terminated,0,0,0,0,978.0,1,0,1,1,0,0,1,1,0,0,38,0,0,0,0,0,0,0,0
4,158,931.0,119,terminated,0,0,0,0,931.0,1,0,1,1,0,0,1,1,0,0,33,0,0,0,0,0,0,0,0
4,159,946.0,104,terminated,0,0,0,0,946.0,1,0,1,1,0,0,1,1,0,0,65,0,0,0,0,0,0,0,0
4,160,974.0,76,terminated,0,0,0,0,974.0,1,0,1,1,0,0,1,1,0,0,25,0,0,0,0,0,0,0,0
4,161,972.0,78,terminated,0,0,0,0,972.0,1,0,1,1,0,0,1,1,0,0,45,0,0,0,0,0,0,0,0
4,162,953.0,97,terminated,0,0,0,0,953.0,1,0,1,1,0,0,1,1,0,0,55,0,0,0,0,0,0,0,0
4,163,948.0,102,terminated,0,0,0,0,948.0,1,0,1,1,0,0,1,1,0,0,27,0,0,0,0,0,0,0,0
4,164,965.0,85,terminated,0,0,0,0,965.0,1,0,1,1,0,0,1,1,0,0,33,0,0,0,0,0,0,0,0
4,165,968.0,82,terminated,0,0,0,0,968.0,1,0,1,1,0,0,1,1,0,0,28,0,0,0,0,0,0,0,0
4,166,985.0,65,terminated,0,0,0,0,985.0,1,0,1,1,0,0,1,1,0,0,33,0,0,0,0,0,0,0,0
4,167,983.0,67,terminated,0,0,0,0,983.0,1,0,1,1,0,0,1,1,0,0,33,0,0,0,0,0,0,0,0
4,168,-212.0,52,terminated,0,21,1,0,-212.0,0,0,1,1,0,0,1,1,0,0,43,0,0,0,0,0,0,0,0
4,169,968.0,82,terminated,0,0,0,0,968.0,1,0,1,1,0,0,1,1,0,0,39,0,0,0,0,0,0,0,0
4,170,945.0,105,terminated,0,0,0,0,945.0,1,0,1,1,0,0,1,1,0,0,33,0,0,0,0,0,0,0,0
4,171,959.0,91,terminated,0,0,0,0,959.0,1,0,1,1,0,0,1,1,0,0,47,0,0,0,0,0,0,0,0
4,172,966.0,84,terminated,0,0,0,0,966.0,1,0,1,1,0,0,1,1,0,0,27,0,0,0,0,0,0,0,0
4,173,928.0,122,terminated,0,0,0,0,928.0,1,0,1,1,0,0,1,1,0,0,35,0,0,0,0,0,0,0,0
4,174,-322.0,32,terminated,0,34,1,0,-322.0,0,0,1,1,0,0,1,1,0,0,27,0,0,0,0,0,0,0,0
4,175,937.0,113,terminated,0,0,0,0,937.0,1,0,1,1,0,0,1,1,0,0,28,0,0,0,0,0,0,0,0
4,176,944.0,106,terminated,0,0,0,0,944.0,1,0,1,1,0,0,1,1,0,0,47,0,0,0,0,0,0,0,0
4,177,971.0,79,terminated,0,0,0,0,971.0,1,0,1,1,0,0,1,1,0,0,36,0,0,0,0,0,0,0,0
4,178,960.0,90,terminated,0,0,0,0,960.0,1,0,1,1,0,0,1,1,0,0,33,0,0,0,0,0,0,0,0
4,179,935.0,115,terminated,0,0,0,0,935.0,1,0,1,1,0,0,1,1,0,0,40,0,0,0,0,0,0,0,0
4,180,967.0,83,terminated,0,0,0,0,967.0,1,0,1,1,0,0,1,1,0,0,31,0,0,0,0,0,0,0,0
4,181,950.0,100,terminated,0,0,0,0,950.0,1,0,1,1,0,0,1,1,0,0,51,0,0,0,0,0,0,0,0
4,182,982.0,68,terminated,0,0,0,0,982.0,1,0,1,1,0,0,1,1,0,0,35,0,0,0,0,0,0,0,0
4,183,950.0,100,terminated,0,0,0,0,950.0,1,0,1,1,0,0,1,1,0,0,31,0,0,0,0,0,0,0,0
4,184,981.0,69,terminated,0,0,0,0,981.0,1,0,1,1,0,0,1,1,0,0,37,0,0,0,0,0,0,0,0
4,185,956.0,94,terminated,0,0,0,0,956.0,1,0,1,1,0,0,1,1,0,0,42,0,0,0,0,0,0,0,0
4,186,972.0,78,terminated,0,0,0,0,972.0,1,0,1,1,0,0,1,1,0,0,28,0,0,0,0,0,0,0,0
4,187,964.0,86,terminated,0,0,0,0,964.0,1,0,1,1,0,0,1,1,0,0,35,0,0,0,0,0,0,0,0
4,188,973.0,77,terminated,0,0,0,0,973.0,1,0,1,1,0,0,1,1,0,0,45,0,0,0,0,0,0,0,0
4,189,981.0,69,terminated,0,0,0,0,981.0,1,0,1,1,0,0,1,1,0,0,33,0,0,0,0,0,0,0,0
4,190,959.0,91,terminated,0,0,0,0,959.0,1,0,1,1,0,0,1,1,0,0,61,0,0,0,0,0,0,0,0
4,191,979.0,71,terminated,0,0,0,0,979.0,1,0,1,1,0,0,1,1,0,0,35,0,0,0,0,0,0,0,0
4,192,957.0,93,terminated,0,0,0,0,957.0,1,0,1,1,0,0,1,1,0,0,49,0,0,0,0,0,0,0,0
4,193,968.0,82,terminated,0,0,0,0,968.0,1,0,1,1,0,0,1,1,0,0,41,0,0,0,0,0,0,0,0
4,194,-74.0,94,terminated,0,3,1,0,-74.0,0,0,1,1,0,0,1,1,0,0,27,0,0,0,0,0,0,0,0
4,195,961.0,89,terminated,0,0,0,0,961.0,1,0,1,1,0,0,1,1,0,0,56,0,0,0,0,0,0,0,0
4,196,985.0,65,terminated,0,0,0,0,985.0,1,0,1,1,0,0,1,1,0,0,33,0,0,0,0,0,0,0,0
4,197,980.0,70,terminated,0,0,0,0,980.0,1,0,1,1,0,0,1,1,0,0,29,0,0,0,0,0,0,0,0
4,198,962.0,88,terminated,0,0,0,0,962.0,1,0,1,1,0,0,1,1,0,0,44,0,0,0,0,0,0,0,0
4,199,957.0,93,terminated,0,0,0,0,957.0,1,0,1,1,0,0,1,1,0,0,51,0,0,0,0,0,0,0,0
4,200,955.0,95,terminated,0,0,0,0,955.0,1,0,1,1,0,0,1,1,0,0,31,0,0,0,0,0,0,0,0
4,201,960.0,90,terminated,0,0,0,0,960.0,1,0,1,1,0,0,1,1,0,0,51,0,0,0,0,0,0,0,0
4,202,968.0,82,terminated,0,0,0,0,968.0,1,0,1,1,0,0,1,1,0,0,43,0,0,0,0,0,0,0,0
4,203,966.0,84,terminated,0,0,0,0,966.0,1,0,1,1,0,0,1,1,0,0,33,0,0,0,0,0,0,0,0
4,204,-98.0,88,terminated,0,6,1,0,-98.0,0,0,1,1,0,0,1,1,0,0,43,0,0,0,0,0,0,0,0
4,205,965.0,85,terminated,0,0,0,0,965.0,1,0,1,1,0,0,1,1,0,0,27,0,0,0,0,0,0,0,0
4,206,969.0,81,terminated,0,0,0,0,969.0,1,0,1,1,0,0,1,1,0,0,32,0,0,0,0,0,0,0,0
4,207,984.0,66,terminated,0,0,0,0,984.0,1,0,1,1,0,0,1,1,0,0,33,0,0,0,0,0,0,0,0
4,208,976.0,74,terminated,0,0,0,0,976.0,1,0,1,1,0,0,1,1,0,0,40,0,0,0,0,0,0,0,0
4,209,966.0,84,terminated,0,0,0,0,966.0,1,0,1,1,0,0,1,1,0,0,34,0,0,0,0,0,0,0,0
4,210,953.0,97,terminated,0,0,0,0,953.0,1,0,1,1,0,0,1,1,0,0,33,0,0,0,0,0,0,0,0
4,211,-182.0,52,terminated,0,18,1,0,-182.0,0,0,1,1,0,0,1,1,0,0,40,0,0,0,0,0,0,0,0
4,212,982.0,68,terminated,0,0,0,0,982.0,1,0,1,1,0,0,1,1,0,0,33,0,0,0,0,0,0,0,0
4,213,983.0,67,terminated,0,0,0,0,983.0,1,0,1,1,0,0,1,1,0,0,33,0,0,0,0,0,0,0,0
4,214,974.0,76,terminated,0,0,0,0,974.0,1,0,1,1,0,0,1,1,0,0,41,0,0,0,0,0,0,0,0
4,215,-157.0,57,terminated,0,15,1,0,-157.0,0,0,1,1,0,0,1,1,0,0,37,0,0,0,0,0,0,0,0
4,216,949.0,101,terminated,0,0,0,0,949.0,1,0,1,1,0,0,1,1,0,0,40,0,0,0,0,0,0,0,0
4,217,974.0,76,terminated,0,0,0,0,974.0,1,0,1,1,0,0,1,1,0,0,43,0,0,0,0,0,0,0,0
4,218,944.0,106,terminated,0,0,0,0,944.0,1,0,1,1,0,0,1,1,0,0,29,0,0,0,0,0,0,0,0
4,219,-277.0,47,terminated,0,28,1,0,-277.0,0,0,1,1,0,0,1,1,0,0,47,0,0,0,0,0,0,0,0
4,220,948.0,102,terminated,0,0,0,0,948.0,1,0,1,1,0,0,1,1,0,0,33,0,0,0,0,0,0,0,0
4,221,983.0,67,terminated,0,0,0,0,983.0,1,0,1,1,0,0,1,1,0,0,33,0,0,0,0,0,0,0,0
4,222,973.0,77,terminated,0,0,0,0,973.0,1,0,1,1,0,0,1,1,0,0,28,0,0,0,0,0,0,0,0
4,223,979.0,71,terminated,0,0,0,0,979.0,1,0,1,1,0,0,1,1,0,0,35,0,0,0,0,0,0,0,0
4,224,964.0,86,terminated,0,0,0,0,964.0,1,0,1,1,0,0,1,1,0,0,34,0,0,0,0,0,0,0,0
4,225,977.0,73,terminated,0,0,0,0,977.0,1,0,1,1,0,0,1,1,0,0,36,0,0,0,0,0,0,0,0
4,226,985.0,65,terminated,0,0,0,0,985.0,1,0,1,1,0,0,1,1,0,0,33,0,0,0,0,0,0,0,0
4,227,980.0,70,terminated,0,0,0,0,980.0,1,0,1,1,0,0,1,1,0,0,38,0,0,0,0,0,0,0,0
4,228,963.0,87,terminated,0,0,0,0,963.0,1,0,1,1,0,0,1,1,0,0,53,0,0,0,0,0,0,0,0
4,229,949.0,101,terminated,0,0,0,0,949.0,1,0,1,1,0,0,1,1,0,0,29,0,0,0,0,0,0,0,0
4,230,959.0,91,terminated,0,0,0,0,959.0,1,0,1,1,0,0,1,1,0,0,43,0,0,0,0,0,0,0,0
4,231,972.0,78,terminated,0,0,0,0,972.0,1,0,1,1,0,0,1,1,0,0,29,0,0,0,0,0,0,0,0
4,232,964.0,86,terminated,0,0,0,0,964.0,1,0,1,1,0,0,1,1,0,0,31,0,0,0,0,0,0,0,0
4,233,920.0,130,terminated,0,0,0,0,920.0,1,0,1,1,0,0,1,1,0,0,34,0,0,0,0,0,0,0,0
4,234,960.0,90,terminated,0,0,0,0,960.0,1,0,1,1,0,0,1,1,0,0,29,0,0,0,0,0,0,0,0
4,235,969.0,81,terminated,0,0,0,0,969.0,1,0,1,1,0,0,1,1,0,0,39,0,0,0,0,0,0,0,0
4,236,952.0,98,terminated,0,0,0,0,952.0,1,0,1,1,0,0,1,1,0,0,42,0,0,0,0,0,0,0,0
4,237,937.0,113,terminated,0,0,0,0,937.0,1,0,1,1,0,0,1,1,0,0,60,0,0,0,0,0,0,0,0
4,238,967.0,83,terminated,0,0,0,0,967.0,1,0,1,1,0,0,1,1,0,0,35,0,0,0,0,0,0,0,0
4,239,963.0,87,terminated,0,0,0,0,963.0,1,0,1,1,0,0,1,1,0,0,36,0,0,0,0,0,0,0,0
4,240,978.0,72,terminated,0,0,0,0,978.0,1,0,1,1,0,0,1,1,0,0,33,0,0,0,0,0,0,0,0
4,241,944.0,106,terminated,0,0,0,0,944.0,1,0,1,1,0,0,1,1,0,0,66,0,0,0,0,0,0,0,0
4,242,969.0,81,terminated,0,0,0,0,969.0,1,0,1,1,0,0,1,1,0,0,37,0,0,0,0,0,0,0,0
4,243,977.0,73,terminated,0,0,0,0,977.0,1,0,1,1,0,0,1,1,0,0,34,0,0,0,0,0,0,0,0
4,244,979.0,71,terminated,0,0,0,0,979.0,1,0,1,1,0,0,1,1,0,0,33,0,0,0,0,0,0,0,0
4,245,971.0,79,terminated,0,0,0,0,971.0,1,0,1,1,0,0,1,1,0,0,47,0,0,0,0,0,0,0,0
4,246,944.0,106,terminated,0,0,0,0,944.0,1,0,1,1,0,0,1,1,0,0,34,0,0,0,0,0,0,0,0
4,247,929.0,121,terminated,0,0,0,0,929.0,1,0,1,1,0,0,1,1,0,0,65,0,0,0,0,0,0,0,0
4,248,979.0,71,terminated,0,0,0,0,979.0,1,0,1,1,0,0,1,1,0,0,35,0,0,0,0,0,0,0,0
4,249,967.0,83,terminated,0,0,0,0,967.0,1,0,1,1,0,0,1,1,0,0,33,0,0,0,0,0,0,0,0
4,250,967.0,83,terminated,0,0,0,0,967.0,1,0,1,1,0,0,1,1,0,0,35,0,0,0,0,0,0,0,0
4,251,943.0,107,terminated,0,0,0,0,943.0,1,0,1,1,0,0,1,1,0,0,35,0,0,0,0,0,0,0,0
4,252,1098.0,152,terminated,1,0,0,0,1098.0,1,1,1,3,1,0,1,2,1,0,38,0,1,1,0,1,1,0,0
4,253,968.0,82,terminated,0,0,0,0,968.0,1,0,1,1,0,0,1,1,0,0,28,0,0,0,0,0,0,0,0
4,254,939.0,111,terminated,0,0,0,0,939.0,1,0,1,1,0,0,1,1,0,0,47,0,0,0,0,0,0,0,0
4,255,968.0,82,terminated,0,0,0,0,968.0,1,0,1,1,0,0,1,1,0,0,31,0,0,0,0,0,0,0,0
4,256,980.0,70,terminated,0,0,0,0,980.0,1,0,1,1,0,0,1,1,0,0,33,0,0,0,0,0,0,0,0
4,257,977.0,73,terminated,0,0,0,0,977.0,1,0,1,1,0,0,1,1,0,0,35,0,0,0,0,0,0,0,0
4,258,954.0,96,terminated,0,0,0,0,954.0,1,0,1,1,0,0,1,1,0,0,30,0,0,0,0,0,0,0,0
4,259,971.0,79,terminated,0,0,0,0,971.0,1,0,1,1,0,0,1,1,0,0,46,0,0,0,0,0,0,0,0
4,260,985.0,65,terminated,0,0,0,0,985.0,1,0,1,1,0,0,1,1,0,0,35,0,0,0,0,0,0,0,0
4,261,970.0,80,terminated,0,0,0,0,970.0,1,0,1,1,0,0,1,1,0,0,35,0,0,0,0,0,0,0,0
4,262,-245.0,55,terminated,0,24,1,0,-245.0,0,0,1,1,0,0,1,1,0,0,47,0,0,0,0,0,0,0,0
4,263,977.0,73,terminated,0,0,0,0,977.0,1,0,1,1,0,0,1,1,0,0,39,0,0,0,0,0,0,0,0
4,264,957.0,93,terminated,0,0,0,0,957.0,1,0,1,1,0,0,1,1,0,0,45,0,0,0,0,0,0,0,0
4,265,964.0,86,terminated,0,0,0,0,964.0,1,0,1,1,0,0,1,1,0,0,35,0,0,0,0,0,0,0,0
4,266,969.0,81,terminated,0,0,0,0,969.0,1,0,1,1,0,0,1,1,0,0,49,0,0,0,0,0,0,0,0
4,267,951.0,99,terminated,0,0,0,0,951.0,1,0,1,1,0,0,1,1,0,0,29,0,0,0,0,0,0,0,0
4,268,940.0,110,terminated,0,0,0,0,940.0,1,0,1,1,0,0,1,1,0,0,67,0,0,0,0,0,0,0,0
4,269,973.0,77,terminated,0,0,0,0,973.0,1,0,1,1,0,0,1,1,0,0,33,0,0,0,0,0,0,0,0
4,270,947.0,103,terminated,0,0,0,0,947.0,1,0,1,1,0,0,1,1,0,0,49,0,0,0,0,0,0,0,0
4,271,960.0,90,terminated,0,0,0,0,960.0,1,0,1,1,0,0,1,1,0,0,33,0,0,0,0,0,0,0,0
4,272,985.0,65,terminated,0,0,0,0,985.0,1,0,1,1,0,0,1,1,0,0,33,0,0,0,0,0,0,0,0
4,273,930.0,120,terminated,0,0,0,0,930.0,1,0,1,1,0,0,1,1,0,0,34,0,0,0,0,0,0,0,0
4,274,945.0,105,terminated,0,0,0,0,945.0,1,0,1,1,0,0,1,1,0,0,27,0,0,0,0,0,0,0,0
4,275,942.0,108,terminated,0,0,0,0,942.0,1,0,1,1,0,0,1,1,0,0,42,0,0,0,0,0,0,0,0
4,276,964.0,86,terminated,0,0,0,0,964.0,1,0,1,1,0,0,1,1,0,0,43,0,0,0,0,0,0,0,0
4,277,946.0,104,terminated,0,0,0,0,946.0,1,0,1,1,0,0,1,1,0,0,28,0,0,0,0,0,0,0,0
4,278,948.0,102,terminated,0,0,0,0,948.0,1,0,1,1,0,0,1,1,0,0,46,0,0,0,0,0,0,0,0
4,279,973.0,77,terminated,0,0,0,0,973.0,1,0,1,1,0,0,1,1,0,0,29,0,0,0,0,0,0,0,0
4,280,976.0,74,terminated,0,0,0,0,976.0,1,0,1,1,0,0,1,1,0,0,37,0,0,0,0,0,0,0,0
4,281,948.0,102,terminated,0,0,0,0,948.0,1,0,1,1,0,0,1,1,0,0,46,0,0,0,0,0,0,0,0
4,282,954.0,96,terminated,0,0,0,0,954.0,1,0,1,1,0,0,1,1,0,0,31,0,0,0,0,0,0,0,0
4,283,970.0,80,terminated,0,0,0,0,970.0,1,0,1,1,0,0,1,1,0,0,27,0,0,0,0,0,0,0,0
4,284,956.0,94,terminated,0,0,0,0,956.0,1,0,1,1,0,0,1,1,0,0,61,0,0,0,0,0,0,0,0
4,285,960.0,90,terminated,0,0,0,0,960.0,1,0,1,1,0,0,1,1,0,0,42,0,0,0,0,0,0,0,0
4,286,952.0,98,terminated,0,0,0,0,952.0,1,0,1,1,0,0,1,1,0,0,57,0,0,0,0,0,0,0,0
4,287,954.0,96,terminated,0,0,0,0,954.0,1,0,1,1,0,0,1,1,0,0,25,0,0,0,0,0,0,0,0
4,288,982.0,68,terminated,0,0,0,0,982.0,1,0,1,1,0,0,1,1,0,0,35,0,0,0,0,0,0,0,0
4,289,969.0,81,terminated,0,0,0,0,969.0,1,0,1,1,0,0,1,1,0,0,42,0,0,0,0,0,0,0,0
4,290,962.0,88,terminated,0,0,0,0,962.0,1,0,1,1,0,0,1,1,0,0,41,0,0,0,0,0,0,0,0
4,291,965.0,85,terminated,0,0,0,0,965.0,1,0,1,1,0,0,1,1,0,0,36,0,0,0,0,0,0,0,0
4,292,968.0,82,terminated,0,0,0,0,968.0,1,0,1,1,0,0,1,1,0,0,36,0,0,0,0,0,0,0,0
4,293,953.0,97,terminated,0,0,0,0,953.0,1,0,1,1,0,0,1,1,0,0,63,0,0,0,0,0,0,0,0
4,294,964.0,86,terminated,0,0,0,0,964.0,1,0,1,1,0,0,1,1,0,0,44,0,0,0,0,0,0,0,0
4,295,984.0,66,terminated,0,0,0,0,984.0,1,0,1,1,0,0,1,1,0,0,33,0,0,0,0,0,0,0,0
4,296,967.0,83,terminated,0,0,0,0,967.0,1,0,1,1,0,0,1,1,0,0,45,0,0,0,0,0,0,0,0
4,297,-242.0,102,terminated,0,19,1,0,-242.0,0,0,1,1,0,0,1,1,0,0,70,0,0,0,0,0,0,0,0
4,298,-266.0,36,terminated,0,28,1,0,-266.0,0,0,1,1,0,0,1,1,0,0,36,0,0,0,0,0,0,0,0
4,299,949.0,101,terminated,0,0,0,0,949.0,1,0,1,1,0,0,1,1,0,0,49,0,0,0,0,0,0,0,0
4,300,945.0,105,terminated,0,0,0,0,945.0,1,0,1,1,0,0,1,1,0,0,46,0,0,0,0,0,0,0,0
4,301,957.0,93,terminated,0,0,0,0,957.0,1,0,1,1,0,0,1,1,0,0,29,0,0,0,0,0,0,0,0
4,302,915.0,135,terminated,0,0,0,0,915.0,1,0,1,1,0,0,1,1,0,0,28,0,0,0,0,0,0,0,0
4,303,955.0,95,terminated,0,0,0,0,955.0,1,0,1,1,0,0,1,1,0,0,45,0,0,0,0,0,0,0,0
4,304,933.0,117,terminated,0,0,0,0,933.0,1,0,1,1,0,0,1,1,0,0,33,0,0,0,0,0,0,0,0
4,305,949.0,101,terminated,0,0,0,0,949.0,1,0,1,1,0,0,1,1,0,0,33,0,0,0,0,0,0,0,0
4,306,907.0,143,terminated,0,0,0,0,907.0,1,0,1,1,0,0,1,1,0,0,33,0,0,0,0,0,0,0,0
4,307,972.0,78,terminated,0,0,0,0,972.0,1,0,1,1,0,0,1,1,0,0,47,0,0,0,0,0,0,0,0
4,308,948.0,102,terminated,0,0,0,0,948.0,1,0,1,1,0,0,1,1,0,0,57,0,0,0,0,0,0,0,0
4,309,965.0,85,terminated,0,0,0,0,965.0,1,0,1,1,0,0,1,1,0,0,51,0,0,0,0,0,0,0,0
4,310,937.0,113,terminated,0,0,0,0,937.0,1,0,1,1,0,0,1,1,0,0,44,0,0,0,0,0,0,0,0
4,311,-39.0,79,terminated,0,1,1,0,-39.0,0,0,1,1,0,0,1,1,0,0,35,0,0,0,0,0,0,0,0
4,312,-84.0,104,terminated,0,3,1,0,-84.0,0,0,1,1,0,0,1,1,0,0,33,0,0,0,0,0,0,0,0
4,313,950.0,100,terminated,0,0,0,0,950.0,1,0,1,1,0,0,1,1,0,0,29,0,0,0,0,0,0,0,0
4,314,-243.0,53,terminated,0,24,1,0,-243.0,0,0,1,1,0,0,1,1,0,0,47,0,0,0,0,0,0,0,0
4,315,975.0,75,terminated,0,0,0,0,975.0,1,0,1,1,0,0,1,1,0,0,35,0,0,0,0,0,0,0,0
4,316,957.0,93,terminated,0,0,0,0,957.0,1,0,1,1,0,0,1,1,0,0,39,0,0,0,0,0,0,0,0
4,317,961.0,89,terminated,0,0,0,0,961.0,1,0,1,1,0,0,1,1,0,0,33,0,0,0,0,0,0,0,0
4,318,976.0,74,terminated,0,0,0,0,976.0,1,0,1,1,0,0,1,1,0,0,35,0,0,0,0,0,0,0,0
4,319,973.0,77,terminated,0,0,0,0,973.0,1,0,1,1,0,0,1,1,0,0,33,0,0,0,0,0,0,0,0
4,320,971.0,79,terminated,0,0,0,0,971.0,1,0,1,1,0,0,1,1,0,0,43,0,0,0,0,0,0,0,0
4,321,970.0,80,terminated,0,0,0,0,970.0,1,0,1,1,0,0,1,1,0,0,35,0,0,0,0,0,0,0,0
4,322,913.0,137,terminated,0,0,0,0,913.0,1,0,1,1,0,0,1,1,0,0,48,0,0,0,0,0,0,0,0
4,323,959.0,91,terminated,0,0,0,0,959.0,1,0,1,1,0,0,1,1,0,0,45,0,0,0,0,0,0,0,0
4,324,912.0,138,terminated,0,0,0,0,912.0,1,0,1,1,0,0,1,1,0,0,37,0,0,0,0,0,0,0,0
4,325,946.0,104,terminated,0,0,0,0,946.0,1,0,1,1,0,0,1,1,0,0,39,0,0,0,0,0,0,0,0
4,326,945.0,105,terminated,0,0,0,0,945.0,1,0,1,1,0,0,1,1,0,0,39,0,0,0,0,0,0,0,0
4,327,964.0,86,terminated,0,0,0,0,964.0,1,0,1,1,0,0,1,1,0,0,35,0,0,0,0,0,0,0,0
4,328,-315.0,45,terminated,0,32,1,0,-315.0,0,0,1,1,0,0,1,1,0,0,45,0,0,0,0,0,0,0,0
4,329,977.0,73,terminated,0,0,0,0,977.0,1,0,1,1,0,0,1,1,0,0,38,0,0,0,0,0,0,0,0
4,330,975.0,75,terminated,0,0,0,0,975.0,1,0,1,1,0,0,1,1,0,0,29,0,0,0,0,0,0,0,0
4,331,952.0,98,terminated,0,0,0,0,952.0,1,0,1,1,0,0,1,1,0,0,45,0,0,0,0,0,0,0,0
4,332,-91.0,91,terminated,0,5,1,0,-91.0,0,0,1,1,0,0,1,1,0,0,33,0,0,0,0,0,0,0,0
4,333,-70.0,70,terminated,0,5,1,0,-70.0,0,0,1,1,0,0,1,1,0,0,33,0,0,0,0,0,0,0,0
4,334,962.0,88,terminated,0,0,0,0,962.0,1,0,1,1,0,0,1,1,0,0,33,0,0,0,0,0,0,0,0
4,335,950.0,100,terminated,0,0,0,0,950.0,1,0,1,1,0,0,1,1,0,0,47,0,0,0,0,0,0,0,0
4,336,965.0,85,terminated,0,0,0,0,965.0,1,0,1,1,0,0,1,1,0,0,27,0,0,0,0,0,0,0,0
4,337,-222.0,42,terminated,0,23,1,0,-222.0,0,0,1,1,0,0,1,1,0,0,38,0,0,0,0,0,0,0,0
4,338,966.0,84,terminated,0,0,0,0,966.0,1,0,1,1,0,0,1,1,0,0,44,0,0,0,0,0,0,0,0
4,339,-66.0,56,terminated,0,6,1,0,-66.0,0,0,1,1,0,0,1,1,0,0,32,0,0,0,0,0,0,0,0
4,340,927.0,123,terminated,0,0,0,0,927.0,1,0,1,1,0,0,1,1,0,0,79,0,0,0,0,0,0,0,0
4,341,939.0,111,terminated,0,0,0,0,939.0,1,0,1,1,0,0,1,1,0,0,43,0,0,0,0,0,0,0,0
4,342,976.0,74,terminated,0,0,0,0,976.0,1,0,1,1,0,0,1,1,0,0,42,0,0,0,0,0,0,0,0
4,343,971.0,79,terminated,0,0,0,0,971.0,1,0,1,1,0,0,1,1,0,0,35,0,0,0,0,0,0,0,0
4,344,971.0,79,terminated,0,0,0,0,971.0,1,0,1,1,0,0,1,1,0,0,45,0,0,0,0,0,0,0,0
4,345,953.0,97,terminated,0,0,0,0,953.0,1,0,1,1,0,0,1,1,0,0,43,0,0,0,0,0,0,0,0
4,346,969.0,81,terminated,0,0,0,0,969.0,1,0,1,1,0,0,1,1,0,0,33,0,0,0,0,0,0,0,0
4,347,974.0,76,terminated,0,0,0,0,974.0,1,0,1,1,0,0,1,1,0,0,33,0,0,0,0,0,0,0,0
4,348,949.0,101,terminated,0,0,0,0,949.0,1,0,1,1,0,0,1,1,0,0,32,0,0,0,0,0,0,0,0
4,349,943.0,107,terminated,0,0,0,0,943.0,1,0,1,1,0,0,1,1,0,0,39,0,0,0,0,0,0,0,0
4,350,956.0,94,terminated,0,0,0,0,956.0,1,0,1,1,0,0,1,1,0,0,54,0,0,0,0,0,0,0,0
4,351,953.0,97,terminated,0,0,0,0,953.0,1,0,1,1,0,0,1,1,0,0,35,0,0,0,0,0,0,0,0
4,352,958.0,92,terminated,0,0,0,0,958.0,1,0,1,1,0,0,1,1,0,0,46,0,0,0,0,0,0,0,0
4,353,962.0,88,terminated,0,0,0,0,962.0,1,0,1,1,0,0,1,1,0,0,35,0,0,0,0,0,0,0,0
4,354,969.0,81,terminated,0,0,0,0,969.0,1,0,1,1,0,0,1,1,0,0,46,0,0,0,0,0,0,0,0
4,355,964.0,86,terminated,0,0,0,0,964.0,1,0,1,1,0,0,1,1,0,0,33,0,0,0,0,0,0,0,0
4,356,956.0,94,terminated,0,0,0,0,956.0,1,0,1,1,0,0,1,1,0,0,38,0,0,0,0,0,0,0,0
4,357,970.0,80,terminated,0,0,0,0,970.0,1,0,1,1,0,0,1,1,0,0,31,0,0,0,0,0,0,0,0
4,358,894.0,156,terminated,0,0,0,0,894.0,1,0,1,1,0,0,1,1,0,0,27,0,0,0,0,0,0,0,0
4,359,969.0,81,terminated,0,0,0,0,969.0,1,0,1,1,0,0,1,1,0,0,45,0,0,0,0,0,0,0,0
4,360,-244.0,34,terminated,0,26,1,0,-244.0,0,0,1,1,0,0,1,1,0,0,33,0,0,0,0,0,0,0,0
4,361,968.0,82,terminated,0,0,0,0,968.0,1,0,1,1,0,0,1,1,0,0,40,0,0,0,0,0,0,0,0
4,362,975.0,75,terminated,0,0,0,0,975.0,1,0,1,1,0,0,1,1,0,0,33,0,0,0,0,0,0,0,0
4,363,966.0,84,terminated,0,0,0,0,966.0,1,0,1,1,0,0,1,1,0,0,42,0,0,0,0,0,0,0,0
4,364,952.0,98,terminated,0,0,0,0,952.0,1,0,1,1,0,0,1,1,0,0,37,0,0,0,0,0,0,0,0
4,365,984.0,66,terminated,0,0,0,0,984.0,1,0,1,1,0,0,1,1,0,0,34,0,0,0,0,0,0,0,0
4,366,950.0,100,terminated,0,0,0,0,950.0,1,0,1,1,0,0,1,1,0,0,60,0,0,0,0,0,0,0,0
4,367,950.0,100,terminated,0,0,0,0,950.0,1,0,1,1,0,0,1,1,0,0,59,0,0,0,0,0,0,0,0
4,368,977.0,73,terminated,0,0,0,0,977.0,1,0,1,1,0,0,1,1,0,0,39,0,0,0,0,0,0,0,0
4,369,954.0,96,terminated,0,0,0,0,954.0,1,0,1,1,0,0,1,1,0,0,52,0,0,0,0,0,0,0,0
4,370,966.0,84,terminated,0,0,0,0,966.0,1,0,1,1,0,0,1,1,0,0,39,0,0,0,0,0,0,0,0
4,371,1143.0,107,terminated,1,0,0,0,1143.0,1,1,1,3,1,0,1,2,1,0,28,0,1,1,0,1,1,0,0
4,372,931.0,119,terminated,0,0,0,0,931.0,1,0,1,1,0,0,1,1,0,0,33,0,0,0,0,0,0,0,0
4,373,975.0,75,terminated,0,0,0,0,975.0,1,0,1,1,0,0,1,1,0,0,37,0,0,0,0,0,0,0,0
4,374,979.0,71,terminated,0,0,0,0,979.0,1,0,1,1,0,0,1,1,0,0,39,0,0,0,0,0,0,0,0
4,375,974.0,76,terminated,0,0,0,0,974.0,1,0,1,1,0,0,1,1,0,0,29,0,0,0,0,0,0,0,0
4,376,-263.0,63,terminated,0,25,1,0,-263.0,0,0,1,1,0,0,1,1,0,0,51,0,0,0,0,0,0,0,0
4,377,970.0,80,terminated,0,0,0,0,970.0,1,0,1,1,0,0,1,1,0,0,37,0,0,0,0,0,0,0,0
4,378,970.0,80,terminated,0,0,0,0,970.0,1,0,1,1,0,0,1,1,0,0,34,0,0,0,0,0,0,0,0
4,379,974.0,76,terminated,0,0,0,0,974.0,1,0,1,1,0,0,1,1,0,0,43,0,0,0,0,0,0,0,0
4,380,956.0,94,terminated,0,0,0,0,956.0,1,0,1,1,0,0,1,1,0,0,40,0,0,0,0,0,0,0,0
4,381,975.0,75,terminated,0,0,0,0,975.0,1,0,1,1,0,0,1,1,0,0,33,0,0,0,0,0,0,0,0
4,382,971.0,79,terminated,0,0,0,0,971.0,1,0,1,1,0,0,1,1,0,0,45,0,0,0,0,0,0,0,0
4,383,976.0,74,terminated,0,0,0,0,976.0,1,0,1,1,0,0,1,1,0,0,35,0,0,0,0,0,0,0,0
4,384,965.0,85,terminated,0,0,0,0,965.0,1,0,1,1,0,0,1,1,0,0,31,0,0,0,0,0,0,0,0
4,385,957.0,93,terminated,0,0,0,0,957.0,1,0,1,1,0,0,1,1,0,0,43,0,0,0,0,0,0,0,0
4,386,978.0,72,terminated,0,0,0,0,978.0,1,0,1,1,0,0,1,1,0,0,40,0,0,0,0,0,0,0,0
4,387,964.0,86,terminated,0,0,0,0,964.0,1,0,1,1,0,0,1,1,0,0,38,0,0,0,0,0,0,0,0
4,388,942.0,108,terminated,0,0,0,0,942.0,1,0,1,1,0,0,1,1,0,0,23,0,0,0,0,0,0,0,0
4,389,982.0,68,terminated,0,0,0,0,982.0,1,0,1,1,0,0,1,1,0,0,35,0,0,0,0,0,0,0,0
4,390,969.0,81,terminated,0,0,0,0,969.0,1,0,1,1,0,0,1,1,0,0,45,0,0,0,0,0,0,0,0
4,391,967.0,83,terminated,0,0,0,0,967.0,1,0,1,1,0,0,1,1,0,0,33,0,0,0,0,0,0,0,0
4,392,964.0,86,terminated,0,0,0,0,964.0,1,0,1,1,0,0,1,1,0,0,27,0,0,0,0,0,0,0,0
4,393,958.0,92,terminated,0,0,0,0,958.0,1,0,1,1,0,0,1,1,0,0,33,0,0,0,0,0,0,0,0
4,394,947.0,103,terminated,0,0,0,0,947.0,1,0,1,1,0,0,1,1,0,0,66,0,0,0,0,0,0,0,0
4,395,974.0,76,terminated,0,0,0,0,974.0,1,0,1,1,0,0,1,1,0,0,31,0,0,0,0,0,0,0,0
4,396,966.0,84,terminated,0,0,0,0,966.0,1,0,1,1,0,0,1,1,0,0,27,0,0,0,0,0,0,0,0
4,397,963.0,87,terminated,0,0,0,0,963.0,1,0,1,1,0,0,1,1,0,0,41,0,0,0,0,0,0,0,0
4,398,966.0,84,terminated,0,0,0,0,966.0,1,0,1,1,0,0,1,1,0,0,35,0,0,0,0,0,0,0,0
4,399,961.0,89,terminated,0,0,0,0,961.0,1,0,1,1,0,0,1,1,0,0,34,0,0,0,0,0,0,0,0
4,400,958.0,92,terminated,0,0,0,0,958.0,1,0,1,1,0,0,1,1,0,0,33,0,0,0,0,0,0,0,0
4,401,956.0,94,terminated,0,0,0,0,956.0,1,0,1,1,0,0,1,1,0,0,28,0,0,0,0,0,0,0,0
4,402,954.0,96,terminated,0,0,0,0,954.0,1,0,1,1,0,0,1,1,0,0,61,0,0,0,0,0,0,0,0
4,403,940.0,110,terminated,0,0,0,0,940.0,1,0,1,1,0,0,1,1,0,0,37,0,0,0,0,0,0,0,0
4,404,983.0,67,terminated,0,0,0,0,983.0,1,0,1,1,0,0,1,1,0,0,33,0,0,0,0,0,0,0,0
4,405,979.0,71,terminated,0,0,0,0,979.0,1,0,1,1,0,0,1,1,0,0,25,0,0,0,0,0,0,0,0
4,406,959.0,91,terminated,0,0,0,0,959.0,1,0,1,1,0,0,1,1,0,0,45,0,0,0,0,0,0,0,0
4,407,982.0,68,terminated,0,0,0,0,982.0,1,0,1,1,0,0,1,1,0,0,39,0,0,0,0,0,0,0,0
4,408,949.0,101,terminated,0,0,0,0,949.0,1,0,1,1,0,0,1,1,0,0,59,0,0,0,0,0,0,0,0
4,409,977.0,73,terminated,0,0,0,0,977.0,1,0,1,1,0,0,1,1,0,0,33,0,0,0,0,0,0,0,0
4,410,-116.0,76,terminated,0,9,1,0,-116.0,0,0,1,1,0,0,1,1,0,0,36,0,0,0,0,0,0,0,0
4,411,947.0,103,terminated,0,0,0,0,947.0,1,0,1,1,0,0,1,1,0,0,34,0,0,0,0,0,0,0,0
4,412,959.0,91,terminated,0,0,0,0,959.0,1,0,1,1,0,0,1,1,0,0,41,0,0,0,0,0,0,0,0
4,413,976.0,74,terminated,0,0,0,0,976.0,1,0,1,1,0,0,1,1,0,0,39,0,0,0,0,0,0,0,0
4,414,955.0,95,terminated,0,0,0,0,955.0,1,0,1,1,0,0,1,1,0,0,31,0,0,0,0,0,0,0,0
4,415,951.0,99,terminated,0,0,0,0,951.0,1,0,1,1,0,0,1,1,0,0,62,0,0,0,0,0,0,0,0
4,416,966.0,84,terminated,0,0,0,0,966.0,1,0,1,1,0,0,1,1,0,0,50,0,0,0,0,0,0,0,0
4,417,932.0,118,terminated,0,0,0,0,932.0,1,0,1,1,0,0,1,1,0,0,31,0,0,0,0,0,0,0,0
4,418,1161.0,89,terminated,0,0,0,1,1161.0,1,1,1,3,0,1,1,2,0,1,42,0,1,0,1,1,0,1,1
4,419,973.0,77,terminated,0,0,0,0,973.0,1,0,1,1,0,0,1,1,0,0,37,0,0,0,0,0,0,0,0
4,420,939.0,111,terminated,0,0,0,0,939.0,1,0,1,1,0,0,1,1,0,0,38,0,0,0,0,0,0,0,0
4,421,929.0,121,terminated,0,0,0,0,929.0,1,0,1,1,0,0,1,1,0,0,60,0,0,0,0,0,0,0,0
4,422,958.0,92,terminated,0,0,0,0,958.0,1,0,1,1,0,0,1,1,0,0,33,0,0,0,0,0,0,0,0
4,423,943.0,107,terminated,0,0,0,0,943.0,1,0,1,1,0,0,1,1,0,0,31,0,0,0,0,0,0,0,0
4,424,983.0,67,terminated,0,0,0,0,983.0,1,0,1,1,0,0,1,1,0,0,35,0,0,0,0,0,0,0,0
4,425,940.0,110,terminated,0,0,0,0,940.0,1,0,1,1,0,0,1,1,0,0,27,0,0,0,0,0,0,0,0
4,426,983.0,67,terminated,0,0,0,0,983.0,1,0,1,1,0,0,1,1,0,0,35,0,0,0,0,0,0,0,0
4,427,977.0,73,terminated,0,0,0,0,977.0,1,0,1,1,0,0,1,1,0,0,35,0,0,0,0,0,0,0,0
4,428,925.0,125,terminated,0,0,0,0,925.0,1,0,1,1,0,0,1,1,0,0,51,0,0,0,0,0,0,0,0
4,429,946.0,104,terminated,0,0,0,0,946.0,1,0,1,1,0,0,1,1,0,0,47,0,0,0,0,0,0,0,0
4,430,960.0,90,terminated,0,0,0,0,960.0,1,0,1,1,0,0,1,1,0,0,45,0,0,0,0,0,0,0,0
4,431,962.0,88,terminated,0,0,0,0,962.0,1,0,1,1,0,0,1,1,0,0,35,0,0,0,0,0,0,0,0
4,432,970.0,80,terminated,0,0,0,0,970.0,1,0,1,1,0,0,1,1,0,0,33,0,0,0,0,0,0,0,0
4,433,886.0,164,terminated,0,0,0,0,886.0,1,0,1,1,0,0,1,1,0,0,30,0,0,0,0,0,0,0,0
4,434,956.0,94,terminated,0,0,0,0,956.0,1,0,1,1,0,0,1,1,0,0,35,0,0,0,0,0,0,0,0
4,435,952.0,98,terminated,0,0,0,0,952.0,1,0,1,1,0,0,1,1,0,0,35,0,0,0,0,0,0,0,0
4,436,977.0,73,terminated,0,0,0,0,977.0,1,0,1,1,0,0,1,1,0,0,33,0,0,0,0,0,0,0,0
4,437,969.0,81,terminated,0,0,0,0,969.0,1,0,1,1,0,0,1,1,0,0,45,0,0,0,0,0,0,0,0
4,438,956.0,94,terminated,0,0,0,0,956.0,1,0,1,1,0,0,1,1,0,0,33,0,0,0,0,0,0,0,0
4,439,959.0,91,terminated,0,0,0,0,959.0,1,0,1,1,0,0,1,1,0,0,27,0,0,0,0,0,0,0,0
4,440,966.0,84,terminated,0,0,0,0,966.0,1,0,1,1,0,0,1,1,0,0,34,0,0,0,0,0,0,0,0
4,441,960.0,90,terminated,0,0,0,0,960.0,1,0,1,1,0,0,1,1,0,0,33,0,0,0,0,0,0,0,0
4,442,-168.0,58,terminated,0,16,1,0,-168.0,0,0,1,1,0,0,1,1,0,0,44,0,0,0,0,0,0,0,0
4,443,954.0,96,terminated,0,0,0,0,954.0,1,0,1,1,0,0,1,1,0,0,35,0,0,0,0,0,0,0,0
4,444,953.0,97,terminated,0,0,0,0,953.0,1,0,1,1,0,0,1,1,0,0,41,0,0,0,0,0,0,0,0
4,445,969.0,81,terminated,0,0,0,0,969.0,1,0,1,1,0,0,1,1,0,0,41,0,0,0,0,0,0,0,0
4,446,905.0,145,terminated,0,0,0,0,905.0,1,0,1,1,0,0,1,1,0,0,87,0,0,0,0,0,0,0,0
4,447,964.0,86,terminated,0,0,0,0,964.0,1,0,1,1,0,0,1,1,0,0,33,0,0,0,0,0,0,0,0
4,448,919.0,131,terminated,0,0,0,0,919.0,1,0,1,1,0,0,1,1,0,0,51,0,0,0,0,0,0,0,0
4,449,966.0,84,terminated,0,0,0,0,966.0,1,0,1,1,0,0,1,1,0,0,42,0,0,0,0,0,0,0,0
4,450,950.0,100,terminated,0,0,0,0,950.0,1,0,1,1,0,0,1,1,0,0,33,0,0,0,0,0,0,0,0
4,451,960.0,90,terminated,0,0,0,0,960.0,1,0,1,1,0,0,1,1,0,0,45,0,0,0,0,0,0,0,0
4,452,971.0,79,terminated,0,0,0,0,971.0,1,0,1,1,0,0,1,1,0,0,40,0,0,0,0,0,0,0,0
4,453,953.0,97,terminated,0,0,0,0,953.0,1,0,1,1,0,0,1,1,0,0,34,0,0,0,0,0,0,0,0
4,454,967.0,83,terminated,0,0,0,0,967.0,1,0,1,1,0,0,1,1,0,0,39,0,0,0,0,0,0,0,0
4,455,968.0,82,terminated,0,0,0,0,968.0,1,0,1,1,0,0,1,1,0,0,35,0,0,0,0,0,0,0,0
4,456,975.0,75,terminated,0,0,0,0,975.0,1,0,1,1,0,0,1,1,0,0,35,0,0,0,0,0,0,0,0
4,457,970.0,80,terminated,0,0,0,0,970.0,1,0,1,1,0,0,1,1,0,0,31,0,0,0,0,0,0,0,0
4,458,931.0,119,terminated,0,0,0,0,931.0,1,0,1,1,0,0,1,1,0,0,67,0,0,0,0,0,0,0,0
4,459,946.0,104,terminated,0,0,0,0,946.0,1,0,1,1,0,0,1,1,0,0,23,0,0,0,0,0,0,0,0
4,460,974.0,76,terminated,0,0,0,0,974.0,1,0,1,1,0,0,1,1,0,0,43,0,0,0,0,0,0,0,0
4,461,968.0,82,terminated,0,0,0,0,968.0,1,0,1,1,0,0,1,1,0,0,45,0,0,0,0,0,0,0,0
4,462,972.0,78,terminated,0,0,0,0,972.0,1,0,1,1,0,0,1,1,0,0,33,0,0,0,0,0,0,0,0
4,463,912.0,138,terminated,0,0,0,0,912.0,1,0,1,1,0,0,1,1,0,0,46,0,0,0,0,0,0,0,0
4,464,977.0,73,terminated,0,0,0,0,977.0,1,0,1,1,0,0,1,1,0,0,33,0,0,0,0,0,0,0,0
4,465,931.0,119,terminated,0,0,0,0,931.0,1,0,1,1,0,0,1,1,0,0,34,0,0,0,0,0,0,0,0
4,466,965.0,85,terminated,0,0,0,0,965.0,1,0,1,1,0,0,1,1,0,0,35,0,0,0,0,0,0,0,0
4,467,936.0,114,terminated,0,0,0,0,936.0,1,0,1,1,0,0,1,1,0,0,43,0,0,0,0,0,0,0,0
4,468,957.0,93,terminated,0,0,0,0,957.0,1,0,1,1,0,0,1,1,0,0,32,0,0,0,0,0,0,0,0
4,469,935.0,115,terminated,0,0,0,0,935.0,1,0,1,1,0,0,1,1,0,0,27,0,0,0,0,0,0,0,0
4,470,936.0,114,terminated,0,0,0,0,936.0,1,0,1,1,0,0,1,1,0,0,72,0,0,0,0,0,0,0,0
4,471,975.0,75,terminated,0,0,0,0,975.0,1,0,1,1,0,0,1,1,0,0,43,0,0,0,0,0,0,0,0
4,472,960.0,90,terminated,0,0,0,0,960.0,1,0,1,1,0,0,1,1,0,0,58,0,0,0,0,0,0,0,0
4,473,979.0,71,terminated,0,0,0,0,979.0,1,0,1,1,0,0,1,1,0,0,38,0,0,0,0,0,0,0,0
4,474,957.0,93,terminated,0,0,0,0,957.0,1,0,1,1,0,0,1,1,0,0,33,0,0,0,0,0,0,0,0
4,475,969.0,81,terminated,0,0,0,0,969.0,1,0,1,1,0,0,1,1,0,0,27,0,0,0,0,0,0,0,0
4,476,962.0,88,terminated,0,0,0,0,962.0,1,0,1,1,0,0,1,1,0,0,35,0,0,0,0,0,0,0,0
4,477,973.0,77,terminated,0,0,0,0,973.0,1,0,1,1,0,0,1,1,0,0,44,0,0,0,0,0,0,0,0
4,478,983.0,67,terminated,0,0,0,0,983.0,1,0,1,1,0,0,1,1,0,0,35,0,0,0,0,0,0,0,0
4,479,981.0,69,terminated,0,0,0,0,981.0,1,0,1,1,0,0,1,1,0,0,36,0,0,0,0,0,0,0,0
4,480,961.0,89,terminated,0,0,0,0,961.0,1,0,1,1,0,0,1,1,0,0,37,0,0,0,0,0,0,0,0
4,481,953.0,97,terminated,0,0,0,0,953.0,1,0,1,1,0,0,1,1,0,0,36,0,0,0,0,0,0,0,0
4,482,946.0,104,terminated,0,0,0,0,946.0,1,0,1,1,0,0,1,1,0,0,32,0,0,0,0,0,0,0,0
4,483,983.0,67,terminated,0,0,0,0,983.0,1,0,1,1,0,0,1,1,0,0,35,0,0,0,0,0,0,0,0
4,484,966.0,84,terminated,0,0,0,0,966.0,1,0,1,1,0,0,1,1,0,0,39,0,0,0,0,0,0,0,0
4,485,952.0,98,terminated,0,0,0,0,952.0,1,0,1,1,0,0,1,1,0,0,31,0,0,0,0,0,0,0,0
4,486,961.0,89,terminated,0,0,0,0,961.0,1,0,1,1,0,0,1,1,0,0,33,0,0,0,0,0,0,0,0
4,487,944.0,106,terminated,0,0,0,0,944.0,1,0,1,1,0,0,1,1,0,0,74,0,0,0,0,0,0,0,0
4,488,968.0,82,terminated,0,0,0,0,968.0,1,0,1,1,0,0,1,1,0,0,33,0,0,0,0,0,0,0,0
4,489,-169.0,99,terminated,0,12,1,0,-169.0,0,0,1,1,0,0,1,1,0,0,72,0,0,0,0,0,0,0,0
4,490,949.0,101,terminated,0,0,0,0,949.0,1,0,1,1,0,0,1,1,0,0,56,0,0,0,0,0,0,0,0
4,491,942.0,108,terminated,0,0,0,0,942.0,1,0,1,1,0,0,1,1,0,0,27,0,0,0,0,0,0,0,0
4,492,951.0,99,terminated,0,0,0,0,951.0,1,0,1,1,0,0,1,1,0,0,48,0,0,0,0,0,0,0,0
4,493,971.0,79,terminated,0,0,0,0,971.0,1,0,1,1,0,0,1,1,0,0,33,0,0,0,0,0,0,0,0
4,494,963.0,87,terminated,0,0,0,0,963.0,1,0,1,1,0,0,1,1,0,0,52,0,0,0,0,0,0,0,0
4,495,972.0,78,terminated,0,0,0,0,972.0,1,0,1,1,0,0,1,1,0,0,41,0,0,0,0,0,0,0,0
4,496,974.0,76,terminated,0,0,0,0,974.0,1,0,1,1,0,0,1,1,0,0,40,0,0,0,0,0,0,0,0
4,497,895.0,155,terminated,0,0,0,0,895.0,1,0,1,1,0,0,1,1,0,0,52,0,0,0,0,0,0,0,0
4,498,973.0,77,terminated,0,0,0,0,973.0,1,0,1,1,0,0,1,1,0,0,42,0,0,0,0,0,0,0,0
4,499,954.0,96,terminated,0,0,0,0,954.0,1,0,1,1,0,0,1,1,0,0,47,0,0,0,0,0,0,0,0
4,500,980.0,70,terminated,0,0,0,0,980.0,1,0,1,1,0,0,1,1,0,0,37,0,0,0,0,0,0,0,0
4,501,966.0,84,terminated,0,0,0,0,966.0,1,0,1,1,0,0,1,1,0,0,46,0,0,0,0,0,0,0,0
4,502,957.0,93,terminated,0,0,0,0,957.0,1,0,1,1,0,0,1,1,0,0,51,0,0,0,0,0,0,0,0
4,503,970.0,80,terminated,0,0,0,0,970.0,1,0,1,1,0,0,1,1,0,0,33,0,0,0,0,0,0,0,0
4,504,977.0,73,terminated,0,0,0,0,977.0,1,0,1,1,0,0,1,1,0,0,38,0,0,0,0,0,0,0,0
4,505,943.0,107,terminated,0,0,0,0,943.0,1,0,1,1,0,0,1,1,0,0,41,0,0,0,0,0,0,0,0
4,506,-337.0,27,terminated,0,36,1,0,-337.0,0,0,1,1,0,0,1,1,0,0,27,0,0,0,0,0,0,0,0
4,507,976.0,74,terminated,0,0,0,0,976.0,1,0,1,1,0,0,1,1,0,0,36,0,0,0,0,0,0,0,0
4,508,975.0,75,terminated,0,0,0,0,975.0,1,0,1,1,0,0,1,1,0,0,43,0,0,0,0,0,0,0,0
4,509,957.0,93,terminated,0,0,0,0,957.0,1,0,1,1,0,0,1,1,0,0,37,0,0,0,0,0,0,0,0
4,510,948.0,102,terminated,0,0,0,0,948.0,1,0,1,1,0,0,1,1,0,0,47,0,0,0,0,0,0,0,0
4,511,949.0,101,terminated,0,0,0,0,949.0,1,0,1,1,0,0,1,1,0,0,36,0,0,0,0,0,0,0,0
4,512,959.0,91,terminated,0,0,0,0,959.0,1,0,1,1,0,0,1,1,0,0,28,0,0,0,0,0,0,0,0
4,513,969.0,81,terminated,0,0,0,0,969.0,1,0,1,1,0,0,1,1,0,0,49,0,0,0,0,0,0,0,0
4,514,960.0,90,terminated,0,0,0,0,960.0,1,0,1,1,0,0,1,1,0,0,46,0,0,0,0,0,0,0,0
4,515,970.0,80,terminated,0,0,0,0,970.0,1,0,1,1,0,0,1,1,0,0,38,0,0,0,0,0,0,0,0
4,516,963.0,87,terminated,0,0,0,0,963.0,1,0,1,1,0,0,1,1,0,0,29,0,0,0,0,0,0,0,0
4,517,959.0,91,terminated,0,0,0,0,959.0,1,0,1,1,0,0,1,1,0,0,40,0,0,0,0,0,0,0,0
4,518,956.0,94,terminated,0,0,0,0,956.0,1,0,1,1,0,0,1,1,0,0,34,0,0,0,0,0,0,0,0
4,519,901.0,149,terminated,0,0,0,0,901.0,1,0,1,1,0,0,1,1,0,0,28,0,0,0,0,0,0,0,0
4,520,969.0,81,terminated,0,0,0,0,969.0,1,0,1,1,0,0,1,1,0,0,33,0,0,0,0,0,0,0,0
4,521,951.0,99,terminated,0,0,0,0,951.0,1,0,1,1,0,0,1,1,0,0,54,0,0,0,0,0,0,0,0
4,522,952.0,98,terminated,0,0,0,0,952.0,1,0,1,1,0,0,1,1,0,0,40,0,0,0,0,0,0,0,0
4,523,971.0,79,terminated,0,0,0,0,971.0,1,0,1,1,0,0,1,1,0,0,39,0,0,0,0,0,0,0,0
4,524,971.0,79,terminated,0,0,0,0,971.0,1,0,1,1,0,0,1,1,0,0,41,0,0,0,0,0,0,0,0
4,525,969.0,81,terminated,0,0,0,0,969.0,1,0,1,1,0,0,1,1,0,0,29,0,0,0,0,0,0,0,0
4,526,966.0,84,terminated,0,0,0,0,966.0,1,0,1,1,0,0,1,1,0,0,33,0,0,0,0,0,0,0,0
4,527,892.0,158,terminated,0,0,0,0,892.0,1,0,1,1,0,0,1,1,0,0,67,0,0,0,0,0,0,0,0
4,528,951.0,99,terminated,0,0,0,0,951.0,1,0,1,1,0,0,1,1,0,0,40,0,0,0,0,0,0,0,0
4,529,973.0,77,terminated,0,0,0,0,973.0,1,0,1,1,0,0,1,1,0,0,42,0,0,0,0,0,0,0,0
4,530,969.0,81,terminated,0,0,0,0,969.0,1,0,1,1,0,0,1,1,0,0,28,0,0,0,0,0,0,0,0
4,531,949.0,101,terminated,0,0,0,0,949.0,1,0,1,1,0,0,1,1,0,0,34,0,0,0,0,0,0,0,0
4,532,959.0,91,terminated,0,0,0,0,959.0,1,0,1,1,0,0,1,1,0,0,27,0,0,0,0,0,0,0,0
4,533,980.0,70,terminated,0,0,0,0,980.0,1,0,1,1,0,0,1,1,0,0,37,0,0,0,0,0,0,0,0
4,534,952.0,98,terminated,0,0,0,0,952.0,1,0,1,1,0,0,1,1,0,0,41,0,0,0,0,0,0,0,0
4,535,943.0,107,terminated,0,0,0,0,943.0,1,0,1,1,0,0,1,1,0,0,43,0,0,0,0,0,0,0,0
4,536,941.0,109,terminated,0,0,0,0,941.0,1,0,1,1,0,0,1,1,0,0,29,0,0,0,0,0,0,0,0
4,537,983.0,67,terminated,0,0,0,0,983.0,1,0,1,1,0,0,1,1,0,0,34,0,0,0,0,0,0,0,0
4,538,971.0,79,terminated,0,0,0,0,971.0,1,0,1,1,0,0,1,1,0,0,34,0,0,0,0,0,0,0,0
4,539,965.0,85,terminated,0,0,0,0,965.0,1,0,1,1,0,0,1,1,0,0,27,0,0,0,0,0,0,0,0
4,540,910.0,140,terminated,0,0,0,0,910.0,1,0,1,1,0,0,1,1,0,0,71,0,0,0,0,0,0,0,0
4,541,967.0,83,terminated,0,0,0,0,967.0,1,0,1,1,0,0,1,1,0,0,42,0,0,0,0,0,0,0,0
4,542,977.0,73,terminated,0,0,0,0,977.0,1,0,1,1,0,0,1,1,0,0,35,0,0,0,0,0,0,0,0
4,543,963.0,87,terminated,0,0,0,0,963.0,1,0,1,1,0,0,1,1,0,0,42,0,0,0,0,0,0,0,0
4,544,951.0,99,terminated,0,0,0,0,951.0,1,0,1,1,0,0,1,1,0,0,41,0,0,0,0,0,0,0,0
4,545,966.0,84,terminated,0,0,0,0,966.0,1,0,1,1,0,0,1,1,0,0,32,0,0,0,0,0,0,0,0
4,546,945.0,105,terminated,0,0,0,0,945.0,1,0,1,1,0,0,1,1,0,0,31,0,0,0,0,0,0,0,0
4,547,952.0,98,terminated,0,0,0,0,952.0,1,0,1,1,0,0,1,1,0,0,26,0,0,0,0,0,0,0,0
4,548,972.0,78,terminated,0,0,0,0,972.0,1,0,1,1,0,0,1,1,0,0,36,0,0,0,0,0,0,0,0
4,549,940.0,110,terminated,0,0,0,0,940.0,1,0,1,1,0,0,1,1,0,0,27,0,0,0,0,0,0,0,0
4,550,939.0,111,terminated,0,0,0,0,939.0,1,0,1,1,0,0,1,1,0,0,33,0,0,0,0,0,0,0,0
4,551,969.0,81,terminated,0,0,0,0,969.0,1,0,1,1,0,0,1,1,0,0,28,0,0,0,0,0,0,0,0
4,552,951.0,99,terminated,0,0,0,0,951.0,1,0,1,1,0,0,1,1,0,0,44,0,0,0,0,0,0,0,0
4,553,959.0,91,terminated,0,0,0,0,959.0,1,0,1,1,0,0,1,1,0,0,37,0,0,0,0,0,0,0,0
4,554,961.0,89,terminated,0,0,0,0,961.0,1,0,1,1,0,0,1,1,0,0,48,0,0,0,0,0,0,0,0
4,555,976.0,74,terminated,0,0,0,0,976.0,1,0,1,1,0,0,1,1,0,0,35,0,0,0,0,0,0,0,0
4,556,955.0,95,terminated,0,0,0,0,955.0,1,0,1,1,0,0,1,1,0,0,49,0,0,0,0,0,0,0,0
4,557,964.0,86,terminated,0,0,0,0,964.0,1,0,1,1,0,0,1,1,0,0,25,0,0,0,0,0,0,0,0
4,558,971.0,79,terminated,0,0,0,0,971.0,1,0,1,1,0,0,1,1,0,0,21,0,0,0,0,0,0,0,0
4,559,963.0,87,terminated,0,0,0,0,963.0,1,0,1,1,0,0,1,1,0,0,33,0,0,0,0,0,0,0,0
4,560,948.0,102,terminated,0,0,0,0,948.0,1,0,1,1,0,0,1,1,0,0,68,0,0,0,0,0,0,0,0
4,561,971.0,79,terminated,0,0,0,0,971.0,1,0,1,1,0,0,1,1,0,0,38,0,0,0,0,0,0,0,0
4,562,925.0,125,terminated,0,0,0,0,925.0,1,0,1,1,0,0,1,1,0,0,36,0,0,0,0,0,0,0,0
4,563,-302.0,32,terminated,0,32,1,0,-302.0,0,0,1,1,0,0,1,1,0,0,32,0,0,0,0,0,0,0,0
4,564,940.0,110,terminated,0,0,0,0,940.0,1,0,1,1,0,0,1,1,0,0,32,0,0,0,0,0,0,0,0
4,565,972.0,78,terminated,0,0,0,0,972.0,1,0,1,1,0,0,1,1,0,0,37,0,0,0,0,0,0,0,0
4,566,952.0,98,terminated,0,0,0,0,952.0,1,0,1,1,0,0,1,1,0,0,43,0,0,0,0,0,0,0,0
4,567,938.0,112,terminated,0,0,0,0,938.0,1,0,1,1,0,0,1,1,0,0,30,0,0,0,0,0,0,0,0
4,568,922.0,128,terminated,0,0,0,0,922.0,1,0,1,1,0,0,1,1,0,0,37,0,0,0,0,0,0,0,0
4,569,898.0,152,terminated,0,0,0,0,898.0,1,0,1,1,0,0,1,1,0,0,50,0,0,0,0,0,0,0,0
4,570,973.0,77,terminated,0,0,0,0,973.0,1,0,1,1,0,0,1,1,0,0,35,0,0,0,0,0,0,0,0
4,571,902.0,148,terminated,0,0,0,0,902.0,1,0,1,1,0,0,1,1,0,0,31,0,0,0,0,0,0,0,0
4,572,965.0,85,terminated,0,0,0,0,965.0,1,0,1,1,0,0,1,1,0,0,33,0,0,0,0,0,0,0,0
4,573,974.0,76,terminated,0,0,0,0,974.0,1,0,1,1,0,0,1,1,0,0,33,0,0,0,0,0,0,0,0
4,574,976.0,74,terminated,0,0,0,0,976.0,1,0,1,1,0,0,1,1,0,0,35,0,0,0,0,0,0,0,0
4,575,947.0,103,terminated,0,0,0,0,947.0,1,0,1,1,0,0,1,1,0,0,28,0,0,0,0,0,0,0,0
4,576,954.0,96,terminated,0,0,0,0,954.0,1,0,1,1,0,0,1,1,0,0,33,0,0,0,0,0,0,0,0
4,577,975.0,75,terminated,0,0,0,0,975.0,1,0,1,1,0,0,1,1,0,0,32,0,0,0,0,0,0,0,0
4,578,963.0,87,terminated,0,0,0,0,963.0,1,0,1,1,0,0,1,1,0,0,38,0,0,0,0,0,0,0,0
4,579,941.0,109,terminated,0,0,0,0,941.0,1,0,1,1,0,0,1,1,0,0,31,0,0,0,0,0,0,0,0
4,580,941.0,109,terminated,0,0,0,0,941.0,1,0,1,1,0,0,1,1,0,0,31,0,0,0,0,0,0,0,0
4,581,961.0,89,terminated,0,0,0,0,961.0,1,0,1,1,0,0,1,1,0,0,33,0,0,0,0,0,0,0,0
4,582,973.0,77,terminated,0,0,0,0,973.0,1,0,1,1,0,0,1,1,0,0,35,0,0,0,0,0,0,0,0
4,583,945.0,105,terminated,0,0,0,0,945.0,1,0,1,1,0,0,1,1,0,0,33,0,0,0,0,0,0,0,0
4,584,985.0,65,terminated,0,0,0,0,985.0,1,0,1,1,0,0,1,1,0,0,33,0,0,0,0,0,0,0,0
4,585,983.0,67,terminated,0,0,0,0,983.0,1,0,1,1,0,0,1,1,0,0,33,0,0,0,0,0,0,0,0
4,586,963.0,87,terminated,0,0,0,0,963.0,1,0,1,1,0,0,1,1,0,0,37,0,0,0,0,0,0,0,0
4,587,955.0,95,terminated,0,0,0,0,955.0,1,0,1,1,0,0,1,1,0,0,30,0,0,0,0,0,0,0,0
4,588,944.0,106,terminated,0,0,0,0,944.0,1,0,1,1,0,0,1,1,0,0,31,0,0,0,0,0,0,0,0
4,589,975.0,75,terminated,0,0,0,0,975.0,1,0,1,1,0,0,1,1,0,0,37,0,0,0,0,0,0,0,0
4,590,944.0,106,terminated,0,0,0,0,944.0,1,0,1,1,0,0,1,1,0,0,50,0,0,0,0,0,0,0,0
4,591,981.0,69,terminated,0,0,0,0,981.0,1,0,1,1,0,0,1,1,0,0,25,0,0,0,0,0,0,0,0
4,592,934.0,116,terminated,0,0,0,0,934.0,1,0,1,1,0,0,1,1,0,0,73,0,0,0,0,0,0,0,0
4,593,964.0,86,terminated,0,0,0,0,964.0,1,0,1,1,0,0,1,1,0,0,33,0,0,0,0,0,0,0,0
4,594,959.0,91,terminated,0,0,0,0,959.0,1,0,1,1,0,0,1,1,0,0,37,0,0,0,0,0,0,0,0
4,595,-256.0,46,terminated,0,26,1,0,-256.0,0,0,1,1,0,0,1,1,0,0,44,0,0,0,0,0,0,0,0
4,596,943.0,107,terminated,0,0,0,0,943.0,1,0,1,1,0,0,1,1,0,0,33,0,0,0,0,0,0,0,0
4,597,975.0,75,terminated,0,0,0,0,975.0,1,0,1,1,0,0,1,1,0,0,42,0,0,0,0,0,0,0,0
4,598,959.0,91,terminated,0,0,0,0,959.0,1,0,1,1,0,0,1,1,0,0,39,0,0,0,0,0,0,0,0
4,599,923.0,127,terminated,0,0,0,0,923.0,1,0,1,1,0,0,1,1,0,0,38,0,0,0,0,0,0,0,0
4,600,946.0,104,terminated,0,0,0,0,946.0,1,0,1,1,0,0,1,1,0,0,31,0,0,0,0,0,0,0,0
4,601,939.0,111,terminated,0,0,0,0,939.0,1,0,1,1,0,0,1,1,0,0,39,0,0,0,0,0,0,0,0
4,602,938.0,112,terminated,0,0,0,0,938.0,1,0,1,1,0,0,1,1,0,0,31,0,0,0,0,0,0,0,0
4,603,966.0,84,terminated,0,0,0,0,966.0,1,0,1,1,0,0,1,1,0,0,27,0,0,0,0,0,0,0,0
4,604,955.0,95,terminated,0,0,0,0,955.0,1,0,1,1,0,0,1,1,0,0,42,0,0,0,0,0,0,0,0
4,605,963.0,87,terminated,0,0,0,0,963.0,1,0,1,1,0,0,1,1,0,0,36,0,0,0,0,0,0,0,0
4,606,952.0,98,terminated,0,0,0,0,952.0,1,0,1,1,0,0,1,1,0,0,49,0,0,0,0,0,0,0,0
4,607,962.0,88,terminated,0,0,0,0,962.0,1,0,1,1,0,0,1,1,0,0,39,0,0,0,0,0,0,0,0
4,608,961.0,89,terminated,0,0,0,0,961.0,1,0,1,1,0,0,1,1,0,0,41,0,0,0,0,0,0,0,0
4,609,977.0,73,terminated,0,0,0,0,977.0,1,0,1,1,0,0,1,1,0,0,36,0,0,0,0,0,0,0,0
4,610,960.0,90,terminated,0,0,0,0,960.0,1,0,1,1,0,0,1,1,0,0,38,0,0,0,0,0,0,0,0
4,611,980.0,70,terminated,0,0,0,0,980.0,1,0,1,1,0,0,1,1,0,0,34,0,0,0,0,0,0,0,0
4,612,963.0,87,terminated,0,0,0,0,963.0,1,0,1,1,0,0,1,1,0,0,44,0,0,0,0,0,0,0,0
4,613,956.0,94,terminated,0,0,0,0,956.0,1,0,1,1,0,0,1,1,0,0,31,0,0,0,0,0,0,0,0
4,614,982.0,68,terminated,0,0,0,0,982.0,1,0,1,1,0,0,1,1,0,0,35,0,0,0,0,0,0,0,0
4,615,976.0,74,terminated,0,0,0,0,976.0,1,0,1,1,0,0,1,1,0,0,35,0,0,0,0,0,0,0,0
4,616,913.0,137,terminated,0,0,0,0,913.0,1,0,1,1,0,0,1,1,0,0,49,0,0,0,0,0,0,0,0
4,617,930.0,120,terminated,0,0,0,0,930.0,1,0,1,1,0,0,1,1,0,0,53,0,0,0,0,0,0,0,0
4,618,944.0,106,terminated,0,0,0,0,944.0,1,0,1,1,0,0,1,1,0,0,28,0,0,0,0,0,0,0,0
4,619,-205.0,55,terminated,0,20,1,0,-205.0,0,0,1,1,0,0,1,1,0,0,43,0,0,0,0,0,0,0,0
4,620,976.0,74,terminated,0,0,0,0,976.0,1,0,1,1,0,0,1,1,0,0,40,0,0,0,0,0,0,0,0
4,621,929.0,121,terminated,0,0,0,0,929.0,1,0,1,1,0,0,1,1,0,0,88,0,0,0,0,0,0,0,0
4,622,967.0,83,terminated,0,0,0,0,967.0,1,0,1,1,0,0,1,1,0,0,33,0,0,0,0,0,0,0,0
4,623,942.0,108,terminated,0,0,0,0,942.0,1,0,1,1,0,0,1,1,0,0,31,0,0,0,0,0,0,0,0
4,624,960.0,90,terminated,0,0,0,0,960.0,1,0,1,1,0,0,1,1,0,0,36,0,0,0,0,0,0,0,0
4,625,968.0,82,terminated,0,0,0,0,968.0,1,0,1,1,0,0,1,1,0,0,47,0,0,0,0,0,0,0,0
4,626,944.0,106,terminated,0,0,0,0,944.0,1,0,1,1,0,0,1,1,0,0,46,0,0,0,0,0,0,0,0
4,627,983.0,67,terminated,0,0,0,0,983.0,1,0,1,1,0,0,1,1,0,0,33,0,0,0,0,0,0,0,0
4,628,955.0,95,terminated,0,0,0,0,955.0,1,0,1,1,0,0,1,1,0,0,37,0,0,0,0,0,0,0,0
4,629,956.0,94,terminated,0,0,0,0,956.0,1,0,1,1,0,0,1,1,0,0,54,0,0,0,0,0,0,0,0
4,630,967.0,83,terminated,0,0,0,0,967.0,1,0,1,1,0,0,1,1,0,0,39,0,0,0,0,0,0,0,0
4,631,955.0,95,terminated,0,0,0,0,955.0,1,0,1,1,0,0,1,1,0,0,35,0,0,0,0,0,0,0,0
4,632,978.0,72,terminated,0,0,0,0,978.0,1,0,1,1,0,0,1,1,0,0,33,0,0,0,0,0,0,0,0
4,633,971.0,79,terminated,0,0,0,0,971.0,1,0,1,1,0,0,1,1,0,0,37,0,0,0,0,0,0,0,0
4,634,939.0,111,terminated,0,0,0,0,939.0,1,0,1,1,0,0,1,1,0,0,31,0,0,0,0,0,0,0,0
4,635,943.0,107,terminated,0,0,0,0,943.0,1,0,1,1,0,0,1,1,0,0,27,0,0,0,0,0,0,0,0
4,636,946.0,104,terminated,0,0,0,0,946.0,1,0,1,1,0,0,1,1,0,0,53,0,0,0,0,0,0,0,0
4,637,939.0,111,terminated,0,0,0,0,939.0,1,0,1,1,0,0,1,1,0,0,38,0,0,0,0,0,0,0,0
4,638,956.0,94,terminated,0,0,0,0,956.0,1,0,1,1,0,0,1,1,0,0,35,0,0,0,0,0,0,0,0
4,639,955.0,95,terminated,0,0,0,0,955.0,1,0,1,1,0,0,1,1,0,0,35,0,0,0,0,0,0,0,0
4,640,976.0,74,terminated,0,0,0,0,976.0,1,0,1,1,0,0,1,1,0,0,40,0,0,0,0,0,0,0,0
4,641,-132.0,82,terminated,0,10,1,0,-132.0,0,0,1,1,0,0,1,1,0,0,39,0,0,0,0,0,0,0,0
4,642,976.0,74,terminated,0,0,0,0,976.0,1,0,1,1,0,0,1,1,0,0,34,0,0,0,0,0,0,0,0
4,643,966.0,84,terminated,0,0,0,0,966.0,1,0,1,1,0,0,1,1,0,0,36,0,0,0,0,0,0,0,0
4,644,969.0,81,terminated,0,0,0,0,969.0,1,0,1,1,0,0,1,1,0,0,37,0,0,0,0,0,0,0,0
4,645,976.0,74,terminated,0,0,0,0,976.0,1,0,1,1,0,0,1,1,0,0,35,0,0,0,0,0,0,0,0
4,646,985.0,65,terminated,0,0,0,0,985.0,1,0,1,1,0,0,1,1,0,0,33,0,0,0,0,0,0,0,0
4,647,947.0,103,terminated,0,0,0,0,947.0,1,0,1,1,0,0,1,1,0,0,44,0,0,0,0,0,0,0,0
4,648,963.0,87,terminated,0,0,0,0,963.0,1,0,1,1,0,0,1,1,0,0,33,0,0,0,0,0,0,0,0
4,649,926.0,124,terminated,0,0,0,0,926.0,1,0,1,1,0,0,1,1,0,0,75,0,0,0,0,0,0,0,0
4,650,963.0,87,terminated,0,0,0,0,963.0,1,0,1,1,0,0,1,1,0,0,49,0,0,0,0,0,0,0,0
4,651,-334.0,24,terminated,0,36,1,0,-334.0,0,0,1,1,0,0,1,1,0,0,24,0,0,0,0,0,0,0,0
4,652,966.0,84,terminated,0,0,0,0,966.0,1,0,1,1,0,0,1,1,0,0,33,0,0,0,0,0,0,0,0
4,653,979.0,71,terminated,0,0,0,0,979.0,1,0,1,1,0,0,1,1,0,0,33,0,0,0,0,0,0,0,0
4,654,980.0,70,terminated,0,0,0,0,980.0,1,0,1,1,0,0,1,1,0,0,37,0,0,0,0,0,0,0,0
4,655,954.0,96,terminated,0,0,0,0,954.0,1,0,1,1,0,0,1,1,0,0,59,0,0,0,0,0,0,0,0
4,656,958.0,92,terminated,0,0,0,0,958.0,1,0,1,1,0,0,1,1,0,0,34,0,0,0,0,0,0,0,0
4,657,968.0,82,terminated,0,0,0,0,968.0,1,0,1,1,0,0,1,1,0,0,32,0,0,0,0,0,0,0,0
4,658,973.0,77,terminated,0,0,0,0,973.0,1,0,1,1,0,0,1,1,0,0,35,0,0,0,0,0,0,0,0
4,659,946.0,104,terminated,0,0,0,0,946.0,1,0,1,1,0,0,1,1,0,0,54,0,0,0,0,0,0,0,0
4,660,983.0,67,terminated,0,0,0,0,983.0,1,0,1,1,0,0,1,1,0,0,33,0,0,0,0,0,0,0,0
4,661,948.0,102,terminated,0,0,0,0,948.0,1,0,1,1,0,0,1,1,0,0,37,0,0,0,0,0,0,0,0
4,662,979.0,71,terminated,0,0,0,0,979.0,1,0,1,1,0,0,1,1,0,0,35,0,0,0,0,0,0,0,0
4,663,966.0,84,terminated,0,0,0,0,966.0,1,0,1,1,0,0,1,1,0,0,44,0,0,0,0,0,0,0,0
4,664,976.0,74,terminated,0,0,0,0,976.0,1,0,1,1,0,0,1,1,0,0,31,0,0,0,0,0,0,0,0
4,665,945.0,105,terminated,0,0,0,0,945.0,1,0,1,1,0,0,1,1,0,0,51,0,0,0,0,0,0,0,0
4,666,917.0,133,terminated,0,0,0,0,917.0,1,0,1,1,0,0,1,1,0,0,41,0,0,0,0,0,0,0,0
4,667,-195.0,45,terminated,0,20,1,0,-195.0,0,0,1,1,0,0,1,1,0,0,35,0,0,0,0,0,0,0,0
4,668,963.0,87,terminated,0,0,0,0,963.0,1,0,1,1,0,0,1,1,0,0,27,0,0,0,0,0,0,0,0
4,669,958.0,92,terminated,0,0,0,0,958.0,1,0,1,1,0,0,1,1,0,0,25,0,0,0,0,0,0,0,0
4,670,985.0,65,terminated,0,0,0,0,985.0,1,0,1,1,0,0,1,1,0,0,33,0,0,0,0,0,0,0,0
4,671,942.0,108,terminated,0,0,0,0,942.0,1,0,1,1,0,0,1,1,0,0,44,0,0,0,0,0,0,0,0
4,672,956.0,94,terminated,0,0,0,0,956.0,1,0,1,1,0,0,1,1,0,0,35,0,0,0,0,0,0,0,0
4,673,1079.0,171,terminated,1,0,0,0,1079.0,1,1,1,3,1,0,1,2,1,0,80,0,1,1,0,1,1,0,0
4,674,959.0,91,terminated,0,0,0,0,959.0,1,0,1,1,0,0,1,1,0,0,39,0,0,0,0,0,0,0,0
4,675,981.0,69,terminated,0,0,0,0,981.0,1,0,1,1,0,0,1,1,0,0,37,0,0,0,0,0,0,0,0
4,676,941.0,109,terminated,0,0,0,0,941.0,1,0,1,1,0,0,1,1,0,0,43,0,0,0,0,0,0,0,0
4,677,964.0,86,terminated,0,0,0,0,964.0,1,0,1,1,0,0,1,1,0,0,54,0,0,0,0,0,0,0,0
4,678,931.0,119,terminated,0,0,0,0,931.0,1,0,1,1,0,0,1,1,0,0,23,0,0,0,0,0,0,0,0
4,679,901.0,149,terminated,0,0,0,0,901.0,1,0,1,1,0,0,1,1,0,0,79,0,0,0,0,0,0,0,0
4,680,982.0,68,terminated,0,0,0,0,982.0,1,0,1,1,0,0,1,1,0,0,39,0,0,0,0,0,0,0,0
4,681,979.0,71,terminated,0,0,0,0,979.0,1,0,1,1,0,0,1,1,0,0,39,0,0,0,0,0,0,0,0
4,682,982.0,68,terminated,0,0,0,0,982.0,1,0,1,1,0,0,1,1,0,0,37,0,0,0,0,0,0,0,0
4,683,926.0,124,terminated,0,0,0,0,926.0,1,0,1,1,0,0,1,1,0,0,34,0,0,0,0,0,0,0,0
4,684,-156.0,66,terminated,0,14,1,0,-156.0,0,0,1,1,0,0,1,1,0,0,47,0,0,0,0,0,0,0,0
4,685,927.0,123,terminated,0,0,0,0,927.0,1,0,1,1,0,0,1,1,0,0,37,0,0,0,0,0,0,0,0
4,686,968.0,82,terminated,0,0,0,0,968.0,1,0,1,1,0,0,1,1,0,0,33,0,0,0,0,0,0,0,0
4,687,985.0,65,terminated,0,0,0,0,985.0,1,0,1,1,0,0,1,1,0,0,33,0,0,0,0,0,0,0,0
4,688,951.0,99,terminated,0,0,0,0,951.0,1,0,1,1,0,0,1,1,0,0,35,0,0,0,0,0,0,0,0
4,689,965.0,85,terminated,0,0,0,0,965.0,1,0,1,1,0,0,1,1,0,0,30,0,0,0,0,0,0,0,0
4,690,964.0,86,terminated,0,0,0,0,964.0,1,0,1,1,0,0,1,1,0,0,27,0,0,0,0,0,0,0,0
4,691,963.0,87,terminated,0,0,0,0,963.0,1,0,1,1,0,0,1,1,0,0,39,0,0,0,0,0,0,0,0
4,692,968.0,82,terminated,0,0,0,0,968.0,1,0,1,1,0,0,1,1,0,0,35,0,0,0,0,0,0,0,0
4,693,968.0,82,terminated,0,0,0,0,968.0,1,0,1,1,0,0,1,1,0,0,43,0,0,0,0,0,0,0,0
4,694,956.0,94,terminated,0,0,0,0,956.0,1,0,1,1,0,0,1,1,0,0,35,0,0,0,0,0,0,0,0
4,695,-296.0,46,terminated,0,30,1,0,-296.0,0,0,1,1,0,0,1,1,0,0,46,0,0,0,0,0,0,0,0
4,696,946.0,104,terminated,0,0,0,0,946.0,1,0,1,1,0,0,1,1,0,0,35,0,0,0,0,0,0,0,0
4,697,936.0,114,terminated,0,0,0,0,936.0,1,0,1,1,0,0,1,1,0,0,32,0,0,0,0,0,0,0,0
4,698,969.0,81,terminated,0,0,0,0,969.0,1,0,1,1,0,0,1,1,0,0,43,0,0,0,0,0,0,0,0
4,699,965.0,85,terminated,0,0,0,0,965.0,1,0,1,1,0,0,1,1,0,0,37,0,0,0,0,0,0,0,0
4,700,984.0,66,terminated,0,0,0,0,984.0,1,0,1,1,0,0,1,1,0,0,33,0,0,0,0,0,0,0,0
4,701,968.0,82,terminated,0,0,0,0,968.0,1,0,1,1,0,0,1,1,0,0,31,0,0,0,0,0,0,0,0
4,702,976.0,74,terminated,0,0,0,0,976.0,1,0,1,1,0,0,1,1,0,0,34,0,0,0,0,0,0,0,0
4,703,951.0,99,terminated,0,0,0,0,951.0,1,0,1,1,0,0,1,1,0,0,27,0,0,0,0,0,0,0,0
4,704,971.0,79,terminated,0,0,0,0,971.0,1,0,1,1,0,0,1,1,0,0,39,0,0,0,0,0,0,0,0
4,705,936.0,114,terminated,0,0,0,0,936.0,1,0,1,1,0,0,1,1,0,0,31,0,0,0,0,0,0,0,0
4,706,946.0,104,terminated,0,0,0,0,946.0,1,0,1,1,0,0,1,1,0,0,27,0,0,0,0,0,0,0,0
4,707,951.0,99,terminated,0,0,0,0,951.0,1,0,1,1,0,0,1,1,0,0,57,0,0,0,0,0,0,0,0
4,708,984.0,66,terminated,0,0,0,0,984.0,1,0,1,1,0,0,1,1,0,0,33,0,0,0,0,0,0,0,0
4,709,965.0,85,terminated,0,0,0,0,965.0,1,0,1,1,0,0,1,1,0,0,33,0,0,0,0,0,0,0,0
4,710,972.0,78,terminated,0,0,0,0,972.0,1,0,1,1,0,0,1,1,0,0,27,0,0,0,0,0,0,0,0
4,711,931.0,119,terminated,0,0,0,0,931.0,1,0,1,1,0,0,1,1,0,0,40,0,0,0,0,0,0,0,0
4,712,960.0,90,terminated,0,0,0,0,960.0,1,0,1,1,0,0,1,1,0,0,38,0,0,0,0,0,0,0,0
4,713,978.0,72,terminated,0,0,0,0,978.0,1,0,1,1,0,0,1,1,0,0,36,0,0,0,0,0,0,0,0
4,714,973.0,77,terminated,0,0,0,0,973.0,1,0,1,1,0,0,1,1,0,0,42,0,0,0,0,0,0,0,0
4,715,925.0,125,terminated,0,0,0,0,925.0,1,0,1,1,0,0,1,1,0,0,35,0,0,0,0,0,0,0,0
4,716,978.0,72,terminated,0,0,0,0,978.0,1,0,1,1,0,0,1,1,0,0,31,0,0,0,0,0,0,0,0
4,717,981.0,69,terminated,0,0,0,0,981.0,1,0,1,1,0,0,1,1,0,0,33,0,0,0,0,0,0,0,0
4,718,959.0,91,terminated,0,0,0,0,959.0,1,0,1,1,0,0,1,1,0,0,30,0,0,0,0,0,0,0,0
4,719,952.0,98,terminated,0,0,0,0,952.0,1,0,1,1,0,0,1,1,0,0,56,0,0,0,0,0,0,0,0
4,720,904.0,146,terminated,0,0,0,0,904.0,1,0,1,1,0,0,1,1,0,0,33,0,0,0,0,0,0,0,0
4,721,946.0,104,terminated,0,0,0,0,946.0,1,0,1,1,0,0,1,1,0,0,58,0,0,0,0,0,0,0,0
4,722,956.0,94,terminated,0,0,0,0,956.0,1,0,1,1,0,0,1,1,0,0,29,0,0,0,0,0,0,0,0
4,723,-233.0,43,terminated,0,24,1,0,-233.0,0,0,1,1,0,0,1,1,0,0,39,0,0,0,0,0,0,0,0
4,724,956.0,94,terminated,0,0,0,0,956.0,1,0,1,1,0,0,1,1,0,0,29,0,0,0,0,0,0,0,0
4,725,965.0,85,terminated,0,0,0,0,965.0,1,0,1,1,0,0,1,1,0,0,33,0,0,0,0,0,0,0,0
4,726,975.0,75,terminated,0,0,0,0,975.0,1,0,1,1,0,0,1,1,0,0,33,0,0,0,0,0,0,0,0
4,727,954.0,96,terminated,0,0,0,0,954.0,1,0,1,1,0,0,1,1,0,0,32,0,0,0,0,0,0,0,0
4,728,-49.0,89,terminated,0,1,1,0,-49.0,0,0,1,1,0,0,1,1,0,0,33,0,0,0,0,0,0,0,0
4,729,935.0,115,terminated,0,0,0,0,935.0,1,0,1,1,0,0,1,1,0,0,26,0,0,0,0,0,0,0,0
4,730,877.0,173,terminated,0,0,0,0,877.0,1,0,1,1,0,0,1,1,0,0,49,0,0,0,0,0,0,0,0
4,731,953.0,97,terminated,0,0,0,0,953.0,1,0,1,1,0,0,1,1,0,0,57,0,0,0,0,0,0,0,0
4,732,974.0,76,terminated,0,0,0,0,974.0,1,0,1,1,0,0,1,1,0,0,39,0,0,0,0,0,0,0,0
4,733,966.0,84,terminated,0,0,0,0,966.0,1,0,1,1,0,0,1,1,0,0,27,0,0,0,0,0,0,0,0
4,734,965.0,85,terminated,0,0,0,0,965.0,1,0,1,1,0,0,1,1,0,0,40,0,0,0,0,0,0,0,0
4,735,953.0,97,terminated,0,0,0,0,953.0,1,0,1,1,0,0,1,1,0,0,33,0,0,0,0,0,0,0,0
4,736,941.0,109,terminated,0,0,0,0,941.0,1,0,1,1,0,0,1,1,0,0,31,0,0,0,0,0,0,0,0
4,737,936.0,114,terminated,0,0,0,0,936.0,1,0,1,1,0,0,1,1,0,0,31,0,0,0,0,0,0,0,0
4,738,973.0,77,terminated,0,0,0,0,973.0,1,0,1,1,0,0,1,1,0,0,34,0,0,0,0,0,0,0,0
4,739,-411.0,21,terminated,0,44,1,0,-411.0,0,0,1,1,0,0,1,1,0,0,6,0,0,0,0,0,0,0,0
4,740,957.0,93,terminated,0,0,0,0,957.0,1,0,1,1,0,0,1,1,0,0,33,0,0,0,0,0,0,0,0
4,741,956.0,94,terminated,0,0,0,0,956.0,1,0,1,1,0,0,1,1,0,0,39,0,0,0,0,0,0,0,0
4,742,941.0,109,terminated,0,0,0,0,941.0,1,0,1,1,0,0,1,1,0,0,31,0,0,0,0,0,0,0,0
4,743,968.0,82,terminated,0,0,0,0,968.0,1,0,1,1,0,0,1,1,0,0,33,0,0,0,0,0,0,0,0
4,744,947.0,103,terminated,0,0,0,0,947.0,1,0,1,1,0,0,1,1,0,0,42,0,0,0,0,0,0,0,0
4,745,976.0,74,terminated,0,0,0,0,976.0,1,0,1,1,0,0,1,1,0,0,40,0,0,0,0,0,0,0,0
4,746,953.0,97,terminated,0,0,0,0,953.0,1,0,1,1,0,0,1,1,0,0,38,0,0,0,0,0,0,0,0
4,747,963.0,87,terminated,0,0,0,0,963.0,1,0,1,1,0,0,1,1,0,0,39,0,0,0,0,0,0,0,0
4,748,944.0,106,terminated,0,0,0,0,944.0,1,0,1,1,0,0,1,1,0,0,30,0,0,0,0,0,0,0,0
4,749,944.0,106,terminated,0,0,0,0,944.0,1,0,1,1,0,0,1,1,0,0,57,0,0,0,0,0,0,0,0
4,750,959.0,91,terminated,0,0,0,0,959.0,1,0,1,1,0,0,1,1,0,0,41,0,0,0,0,0,0,0,0
4,751,977.0,73,terminated,0,0,0,0,977.0,1,0,1,1,0,0,1,1,0,0,43,0,0,0,0,0,0,0,0
4,752,985.0,65,terminated,0,0,0,0,985.0,1,0,1,1,0,0,1,1,0,0,33,0,0,0,0,0,0,0,0
4,753,973.0,77,terminated,0,0,0,0,973.0,1,0,1,1,0,0,1,1,0,0,33,0,0,0,0,0,0,0,0
4,754,964.0,86,terminated,0,0,0,0,964.0,1,0,1,1,0,0,1,1,0,0,42,0,0,0,0,0,0,0,0
4,755,-338.0,28,terminated,0,36,1,0,-338.0,0,0,1,1,0,0,1,1,0,0,28,0,0,0,0,0,0,0,0
4,756,937.0,113,terminated,0,0,0,0,937.0,1,0,1,1,0,0,1,1,0,0,41,0,0,0,0,0,0,0,0
4,757,973.0,77,terminated,0,0,0,0,973.0,1,0,1,1,0,0,1,1,0,0,21,0,0,0,0,0,0,0,0
4,758,963.0,87,terminated,0,0,0,0,963.0,1,0,1,1,0,0,1,1,0,0,54,0,0,0,0,0,0,0,0
4,759,974.0,76,terminated,0,0,0,0,974.0,1,0,1,1,0,0,1,1,0,0,37,0,0,0,0,0,0,0,0
4,760,919.0,131,terminated,0,0,0,0,919.0,1,0,1,1,0,0,1,1,0,0,85,0,0,0,0,0,0,0,0
4,761,1135.0,115,terminated,0,0,0,1,1135.0,1,1,1,3,0,1,1,2,0,1,41,4,5,0,1,1,0,1,1
4,762,948.0,102,terminated,0,0,0,0,948.0,1,0,1,1,0,0,1,1,0,0,35,0,0,0,0,0,0,0,0
4,763,978.0,72,terminated,0,0,0,0,978.0,1,0,1,1,0,0,1,1,0,0,35,0,0,0,0,0,0,0,0
4,764,946.0,104,terminated,0,0,0,0,946.0,1,0,1,1,0,0,1,1,0,0,33,0,0,0,0,0,0,0,0
4,765,960.0,90,terminated,0,0,0,0,960.0,1,0,1,1,0,0,1,1,0,0,31,0,0,0,0,0,0,0,0
4,766,973.0,77,terminated,0,0,0,0,973.0,1,0,1,1,0,0,1,1,0,0,42,0,0,0,0,0,0,0,0
4,767,963.0,87,terminated,0,0,0,0,963.0,1,0,1,1,0,0,1,1,0,0,46,0,0,0,0,0,0,0,0
4,768,965.0,85,terminated,0,0,0,0,965.0,1,0,1,1,0,0,1,1,0,0,35,0,0,0,0,0,0,0,0
4,769,951.0,99,terminated,0,0,0,0,951.0,1,0,1,1,0,0,1,1,0,0,31,0,0,0,0,0,0,0,0
4,770,943.0,107,terminated,0,0,0,0,943.0,1,0,1,1,0,0,1,1,0,0,37,0,0,0,0,0,0,0,0
4,771,942.0,108,terminated,0,0,0,0,942.0,1,0,1,1,0,0,1,1,0,0,48,0,0,0,0,0,0,0,0
4,772,930.0,120,terminated,0,0,0,0,930.0,1,0,1,1,0,0,1,1,0,0,36,0,0,0,0,0,0,0,0
4,773,950.0,100,terminated,0,0,0,0,950.0,1,0,1,1,0,0,1,1,0,0,40,0,0,0,0,0,0,0,0
4,774,961.0,89,terminated,0,0,0,0,961.0,1,0,1,1,0,0,1,1,0,0,37,0,0,0,0,0,0,0,0
4,775,952.0,98,terminated,0,0,0,0,952.0,1,0,1,1,0,0,1,1,0,0,30,0,0,0,0,0,0,0,0
4,776,908.0,142,terminated,0,0,0,0,908.0,1,0,1,1,0,0,1,1,0,0,45,0,0,0,0,0,0,0,0
4,777,947.0,103,terminated,0,0,0,0,947.0,1,0,1,1,0,0,1,1,0,0,41,0,0,0,0,0,0,0,0
4,778,945.0,105,terminated,0,0,0,0,945.0,1,0,1,1,0,0,1,1,0,0,48,0,0,0,0,0,0,0,0
4,779,975.0,75,terminated,0,0,0,0,975.0,1,0,1,1,0,0,1,1,0,0,39,0,0,0,0,0,0,0,0
4,780,979.0,71,terminated,0,0,0,0,979.0,1,0,1,1,0,0,1,1,0,0,37,0,0,0,0,0,0,0,0
4,781,969.0,81,terminated,0,0,0,0,969.0,1,0,1,1,0,0,1,1,0,0,45,0,0,0,0,0,0,0,0
4,782,-57.0,97,terminated,0,1,1,0,-57.0,0,0,1,1,0,0,1,1,0,0,46,0,0,0,0,0,0,0,0
4,783,975.0,75,terminated,0,0,0,0,975.0,1,0,1,1,0,0,1,1,0,0,33,0,0,0,0,0,0,0,0
4,784,969.0,81,terminated,0,0,0,0,969.0,1,0,1,1,0,0,1,1,0,0,34,0,0,0,0,0,0,0,0
4,785,967.0,83,terminated,0,0,0,0,967.0,1,0,1,1,0,0,1,1,0,0,39,0,0,0,0,0,0,0,0
4,786,934.0,116,terminated,0,0,0,0,934.0,1,0,1,1,0,0,1,1,0,0,28,0,0,0,0,0,0,0,0
4,787,959.0,91,terminated,0,0,0,0,959.0,1,0,1,1,0,0,1,1,0,0,39,0,0,0,0,0,0,0,0
4,788,944.0,106,terminated,0,0,0,0,944.0,1,0,1,1,0,0,1,1,0,0,36,0,0,0,0,0,0,0,0
4,789,976.0,74,terminated,0,0,0,0,976.0,1,0,1,1,0,0,1,1,0,0,37,0,0,0,0,0,0,0,0
4,790,966.0,84,terminated,0,0,0,0,966.0,1,0,1,1,0,0,1,1,0,0,36,0,0,0,0,0,0,0,0
4,791,971.0,79,terminated,0,0,0,0,971.0,1,0,1,1,0,0,1,1,0,0,37,0,0,0,0,0,0,0,0
4,792,972.0,78,terminated,0,0,0,0,972.0,1,0,1,1,0,0,1,1,0,0,34,0,0,0,0,0,0,0,0
4,793,961.0,89,terminated,0,0,0,0,961.0,1,0,1,1,0,0,1,1,0,0,47,0,0,0,0,0,0,0,0
4,794,937.0,113,terminated,0,0,0,0,937.0,1,0,1,1,0,0,1,1,0,0,43,0,0,0,0,0,0,0,0
4,795,-343.0,23,terminated,0,37,1,0,-343.0,0,0,1,1,0,0,1,1,0,0,23,0,0,0,0,0,0,0,0
4,796,953.0,97,terminated,0,0,0,0,953.0,1,0,1,1,0,0,1,1,0,0,41,0,0,0,0,0,0,0,0
4,797,950.0,100,terminated,0,0,0,0,950.0,1,0,1,1,0,0,1,1,0,0,45,0,0,0,0,0,0,0,0
4,798,854.0,196,terminated,0,0,0,0,854.0,1,0,1,1,0,0,1,1,0,0,26,0,0,0,0,0,0,0,0
4,799,935.0,115,terminated,0,0,0,0,935.0,1,0,1,1,0,0,1,1,0,0,40,0,0,0,0,0,0,0,0
4,800,953.0,97,terminated,0,0,0,0,953.0,1,0,1,1,0,0,1,1,0,0,37,0,0,0,0,0,0,0,0
4,801,977.0,73,terminated,0,0,0,0,977.0,1,0,1,1,0,0,1,1,0,0,35,0,0,0,0,0,0,0,0
4,802,980.0,70,terminated,0,0,0,0,980.0,1,0,1,1,0,0,1,1,0,0,33,0,0,0,0,0,0,0,0
4,803,957.0,93,terminated,0,0,0,0,957.0,1,0,1,1,0,0,1,1,0,0,43,0,0,0,0,0,0,0,0
4,804,964.0,86,terminated,0,0,0,0,964.0,1,0,1,1,0,0,1,1,0,0,46,0,0,0,0,0,0,0,0
4,805,967.0,83,terminated,0,0,0,0,967.0,1,0,1,1,0,0,1,1,0,0,25,0,0,0,0,0,0,0,0
4,806,913.0,137,terminated,0,0,0,0,913.0,1,0,1,1,0,0,1,1,0,0,43,0,0,0,0,0,0,0,0
4,807,972.0,78,terminated,0,0,0,0,972.0,1,0,1,1,0,0,1,1,0,0,27,0,0,0,0,0,0,0,0
4,808,962.0,88,terminated,0,0,0,0,962.0,1,0,1,1,0,0,1,1,0,0,51,0,0,0,0,0,0,0,0
4,809,968.0,82,terminated,0,0,0,0,968.0,1,0,1,1,0,0,1,1,0,0,36,0,0,0,0,0,0,0,0
4,810,-185.0,45,terminated,0,19,1,0,-185.0,0,0,1,1,0,0,1,1,0,0,36,0,0,0,0,0,0,0,0
4,811,980.0,70,terminated,0,0,0,0,980.0,1,0,1,1,0,0,1,1,0,0,38,0,0,0,0,0,0,0,0
4,812,967.0,83,terminated,0,0,0,0,967.0,1,0,1,1,0,0,1,1,0,0,22,0,0,0,0,0,0,0,0
4,813,962.0,88,terminated,0,0,0,0,962.0,1,0,1,1,0,0,1,1,0,0,56,0,0,0,0,0,0,0,0
4,814,923.0,127,terminated,0,0,0,0,923.0,1,0,1,1,0,0,1,1,0,0,39,0,0,0,0,0,0,0,0
4,815,969.0,81,terminated,0,0,0,0,969.0,1,0,1,1,0,0,1,1,0,0,31,0,0,0,0,0,0,0,0
4,816,961.0,89,terminated,0,0,0,0,961.0,1,0,1,1,0,0,1,1,0,0,39,0,0,0,0,0,0,0,0
4,817,969.0,81,terminated,0,0,0,0,969.0,1,0,1,1,0,0,1,1,0,0,27,0,0,0,0,0,0,0,0
4,818,973.0,77,terminated,0,0,0,0,973.0,1,0,1,1,0,0,1,1,0,0,39,0,0,0,0,0,0,0,0
4,819,946.0,104,terminated,0,0,0,0,946.0,1,0,1,1,0,0,1,1,0,0,23,0,0,0,0,0,0,0,0
4,820,959.0,91,terminated,0,0,0,0,959.0,1,0,1,1,0,0,1,1,0,0,33,0,0,0,0,0,0,0,0
4,821,937.0,113,terminated,0,0,0,0,937.0,1,0,1,1,0,0,1,1,0,0,53,0,0,0,0,0,0,0,0
4,822,941.0,109,terminated,0,0,0,0,941.0,1,0,1,1,0,0,1,1,0,0,42,0,0,0,0,0,0,0,0
4,823,935.0,115,terminated,0,0,0,0,935.0,1,0,1,1,0,0,1,1,0,0,77,0,0,0,0,0,0,0,0
4,824,974.0,76,terminated,0,0,0,0,974.0,1,0,1,1,0,0,1,1,0,0,29,0,0,0,0,0,0,0,0
4,825,978.0,72,terminated,0,0,0,0,978.0,1,0,1,1,0,0,1,1,0,0,38,0,0,0,0,0,0,0,0
4,826,944.0,106,terminated,0,0,0,0,944.0,1,0,1,1,0,0,1,1,0,0,35,0,0,0,0,0,0,0,0
4,827,971.0,79,terminated,0,0,0,0,971.0,1,0,1,1,0,0,1,1,0,0,27,0,0,0,0,0,0,0,0
4,828,977.0,73,terminated,0,0,0,0,977.0,1,0,1,1,0,0,1,1,0,0,43,0,0,0,0,0,0,0,0
4,829,960.0,90,terminated,0,0,0,0,960.0,1,0,1,1,0,0,1,1,0,0,35,0,0,0,0,0,0,0,0
4,830,981.0,69,terminated,0,0,0,0,981.0,1,0,1,1,0,0,1,1,0,0,35,0,0,0,0,0,0,0,0
4,831,915.0,135,terminated,0,0,0,0,915.0,1,0,1,1,0,0,1,1,0,0,31,0,0,0,0,0,0,0,0
4,832,954.0,96,terminated,0,0,0,0,954.0,1,0,1,1,0,0,1,1,0,0,33,0,0,0,0,0,0,0,0
4,833,953.0,97,terminated,0,0,0,0,953.0,1,0,1,1,0,0,1,1,0,0,34,0,0,0,0,0,0,0,0
4,834,927.0,123,terminated,0,0,0,0,927.0,1,0,1,1,0,0,1,1,0,0,31,0,0,0,0,0,0,0,0
4,835,954.0,96,terminated,0,0,0,0,954.0,1,0,1,1,0,0,1,1,0,0,37,0,0,0,0,0,0,0,0
4,836,978.0,72,terminated,0,0,0,0,978.0,1,0,1,1,0,0,1,1,0,0,40,0,0,0,0,0,0,0,0
4,837,975.0,75,terminated,0,0,0,0,975.0,1,0,1,1,0,0,1,1,0,0,31,0,0,0,0,0,0,0,0
4,838,971.0,79,terminated,0,0,0,0,971.0,1,0,1,1,0,0,1,1,0,0,48,0,0,0,0,0,0,0,0
4,839,976.0,74,terminated,0,0,0,0,976.0,1,0,1,1,0,0,1,1,0,0,27,0,0,0,0,0,0,0,0
4,840,971.0,79,terminated,0,0,0,0,971.0,1,0,1,1,0,0,1,1,0,0,43,0,0,0,0,0,0,0,0
4,841,-158.0,58,terminated,0,15,1,0,-158.0,0,0,1,1,0,0,1,1,0,0,39,0,0,0,0,0,0,0,0
4,842,938.0,112,terminated,0,0,0,0,938.0,1,0,1,1,0,0,1,1,0,0,48,0,0,0,0,0,0,0,0
4,843,961.0,89,terminated,0,0,0,0,961.0,1,0,1,1,0,0,1,1,0,0,44,0,0,0,0,0,0,0,0
4,844,959.0,91,terminated,0,0,0,0,959.0,1,0,1,1,0,0,1,1,0,0,43,0,0,0,0,0,0,0,0
4,845,970.0,80,terminated,0,0,0,0,970.0,1,0,1,1,0,0,1,1,0,0,41,0,0,0,0,0,0,0,0
4,846,974.0,76,terminated,0,0,0,0,974.0,1,0,1,1,0,0,1,1,0,0,33,0,0,0,0,0,0,0,0
4,847,939.0,111,terminated,0,0,0,0,939.0,1,0,1,1,0,0,1,1,0,0,63,0,0,0,0,0,0,0,0
4,848,974.0,76,terminated,0,0,0,0,974.0,1,0,1,1,0,0,1,1,0,0,40,0,0,0,0,0,0,0,0
4,849,945.0,105,terminated,0,0,0,0,945.0,1,0,1,1,0,0,1,1,0,0,37,0,0,0,0,0,0,0,0
4,850,956.0,94,terminated,0,0,0,0,956.0,1,0,1,1,0,0,1,1,0,0,41,0,0,0,0,0,0,0,0
4,851,957.0,93,terminated,0,0,0,0,957.0,1,0,1,1,0,0,1,1,0,0,30,0,0,0,0,0,0,0,0
4,852,970.0,80,terminated,0,0,0,0,970.0,1,0,1,1,0,0,1,1,0,0,41,0,0,0,0,0,0,0,0
4,853,-324.0,34,terminated,0,34,1,0,-324.0,0,0,1,1,0,0,1,1,0,0,34,0,0,0,0,0,0,0,0
4,854,969.0,81,terminated,0,0,0,0,969.0,1,0,1,1,0,0,1,1,0,0,46,0,0,0,0,0,0,0,0
4,855,-246.0,36,terminated,0,26,1,0,-246.0,0,0,1,1,0,0,1,1,0,0,35,0,0,0,0,0,0,0,0
4,856,962.0,88,terminated,0,0,0,0,962.0,1,0,1,1,0,0,1,1,0,0,29,0,0,0,0,0,0,0,0
4,857,965.0,85,terminated,0,0,0,0,965.0,1,0,1,1,0,0,1,1,0,0,31,0,0,0,0,0,0,0,0
4,858,977.0,73,terminated,0,0,0,0,977.0,1,0,1,1,0,0,1,1,0,0,39,0,0,0,0,0,0,0,0
4,859,979.0,71,terminated,0,0,0,0,979.0,1,0,1,1,0,0,1,1,0,0,39,0,0,0,0,0,0,0,0
4,860,980.0,70,terminated,0,0,0,0,980.0,1,0,1,1,0,0,1,1,0,0,38,0,0,0,0,0,0,0,0
4,861,956.0,94,terminated,0,0,0,0,956.0,1,0,1,1,0,0,1,1,0,0,27,0,0,0,0,0,0,0,0
4,862,962.0,88,terminated,0,0,0,0,962.0,1,0,1,1,0,0,1,1,0,0,33,0,0,0,0,0,0,0,0
4,863,-237.0,47,terminated,0,24,1,0,-237.0,0,0,1,1,0,0,1,1,0,0,42,0,0,0,0,0,0,0,0
4,864,930.0,120,terminated,0,0,0,0,930.0,1,0,1,1,0,0,1,1,0,0,33,0,0,0,0,0,0,0,0
4,865,976.0,74,terminated,0,0,0,0,976.0,1,0,1,1,0,0,1,1,0,0,33,0,0,0,0,0,0,0,0
4,866,973.0,77,terminated,0,0,0,0,973.0,1,0,1,1,0,0,1,1,0,0,42,0,0,0,0,0,0,0,0
4,867,946.0,104,terminated,0,0,0,0,946.0,1,0,1,1,0,0,1,1,0,0,70,0,0,0,0,0,0,0,0
4,868,956.0,94,terminated,0,0,0,0,956.0,1,0,1,1,0,0,1,1,0,0,55,0,0,0,0,0,0,0,0
4,869,948.0,102,terminated,0,0,0,0,948.0,1,0,1,1,0,0,1,1,0,0,55,0,0,0,0,0,0,0,0
4,870,966.0,84,terminated,0,0,0,0,966.0,1,0,1,1,0,0,1,1,0,0,35,0,0,0,0,0,0,0,0
4,871,981.0,69,terminated,0,0,0,0,981.0,1,0,1,1,0,0,1,1,0,0,33,0,0,0,0,0,0,0,0
4,872,929.0,121,terminated,0,0,0,0,929.0,1,0,1,1,0,0,1,1,0,0,37,0,0,0,0,0,0,0,0
4,873,944.0,106,terminated,0,0,0,0,944.0,1,0,1,1,0,0,1,1,0,0,42,0,0,0,0,0,0,0,0
4,874,916.0,134,terminated,0,0,0,0,916.0,1,0,1,1,0,0,1,1,0,0,31,0,0,0,0,0,0,0,0
4,875,897.0,153,terminated,0,0,0,0,897.0,1,0,1,1,0,0,1,1,0,0,44,0,0,0,0,0,0,0,0
4,876,985.0,65,terminated,0,0,0,0,985.0,1,0,1,1,0,0,1,1,0,0,33,0,0,0,0,0,0,0,0
4,877,930.0,120,terminated,0,0,0,0,930.0,1,0,1,1,0,0,1,1,0,0,46,0,0,0,0,0,0,0,0
4,878,974.0,76,terminated,0,0,0,0,974.0,1,0,1,1,0,0,1,1,0,0,35,0,0,0,0,0,0,0,0
4,879,974.0,76,terminated,0,0,0,0,974.0,1,0,1,1,0,0,1,1,0,0,42,0,0,0,0,0,0,0,0
4,880,958.0,92,terminated,0,0,0,0,958.0,1,0,1,1,0,0,1,1,0,0,45,0,0,0,0,0,0,0,0
4,881,949.0,101,terminated,0,0,0,0,949.0,1,0,1,1,0,0,1,1,0,0,35,0,0,0,0,0,0,0,0
4,882,979.0,71,terminated,0,0,0,0,979.0,1,0,1,1,0,0,1,1,0,0,38,0,0,0,0,0,0,0,0
4,883,964.0,86,terminated,0,0,0,0,964.0,1,0,1,1,0,0,1,1,0,0,39,0,0,0,0,0,0,0,0
4,884,975.0,75,terminated,0,0,0,0,975.0,1,0,1,1,0,0,1,1,0,0,29,0,0,0,0,0,0,0,0
4,885,940.0,110,terminated,0,0,0,0,940.0,1,0,1,1,0,0,1,1,0,0,35,0,0,0,0,0,0,0,0
4,886,975.0,75,terminated,0,0,0,0,975.0,1,0,1,1,0,0,1,1,0,0,29,0,0,0,0,0,0,0,0
4,887,951.0,99,terminated,0,0,0,0,951.0,1,0,1,1,0,0,1,1,0,0,60,0,0,0,0,0,0,0,0
4,888,957.0,93,terminated,0,0,0,0,957.0,1,0,1,1,0,0,1,1,0,0,51,0,0,0,0,0,0,0,0
4,889,975.0,75,terminated,0,0,0,0,975.0,1,0,1,1,0,0,1,1,0,0,33,0,0,0,0,0,0,0,0
4,890,984.0,66,terminated,0,0,0,0,984.0,1,0,1,1,0,0,1,1,0,0,33,0,0,0,0,0,0,0,0
4,891,958.0,92,terminated,0,0,0,0,958.0,1,0,1,1,0,0,1,1,0,0,45,0,0,0,0,0,0,0,0
4,892,973.0,77,terminated,0,0,0,0,973.0,1,0,1,1,0,0,1,1,0,0,33,0,0,0,0,0,0,0,0
4,893,971.0,79,terminated,0,0,0,0,971.0,1,0,1,1,0,0,1,1,0,0,37,0,0,0,0,0,0,0,0
4,894,964.0,86,terminated,0,0,0,0,964.0,1,0,1,1,0,0,1,1,0,0,37,0,0,0,0,0,0,0,0
4,895,959.0,91,terminated,0,0,0,0,959.0,1,0,1,1,0,0,1,1,0,0,39,0,0,0,0,0,0,0,0
4,896,945.0,105,terminated,0,0,0,0,945.0,1,0,1,1,0,0,1,1,0,0,52,0,0,0,0,0,0,0,0
4,897,953.0,97,terminated,0,0,0,0,953.0,1,0,1,1,0,0,1,1,0,0,29,0,0,0,0,0,0,0,0
4,898,955.0,95,terminated,0,0,0,0,955.0,1,0,1,1,0,0,1,1,0,0,25,0,0,0,0,0,0,0,0
4,899,970.0,80,terminated,0,0,0,0,970.0,1,0,1,1,0,0,1,1,0,0,48,0,0,0,0,0,0,0,0
4,900,968.0,82,terminated,0,0,0,0,968.0,1,0,1,1,0,0,1,1,0,0,31,0,0,0,0,0,0,0,0
4,901,960.0,90,terminated,0,0,0,0,960.0,1,0,1,1,0,0,1,1,0,0,49,0,0,0,0,0,0,0,0
4,902,940.0,110,terminated,0,0,0,0,940.0,1,0,1,1,0,0,1,1,0,0,36,0,0,0,0,0,0,0,0
4,903,954.0,96,terminated,0,0,0,0,954.0,1,0,1,1,0,0,1,1,0,0,43,0,0,0,0,0,0,0,0
4,904,952.0,98,terminated,0,0,0,0,952.0,1,0,1,1,0,0,1,1,0,0,43,0,0,0,0,0,0,0,0
4,905,925.0,125,terminated,0,0,0,0,925.0,1,0,1,1,0,0,1,1,0,0,46,0,0,0,0,0,0,0,0
4,906,974.0,76,terminated,0,0,0,0,974.0,1,0,1,1,0,0,1,1,0,0,33,0,0,0,0,0,0,0,0
4,907,971.0,79,terminated,0,0,0,0,971.0,1,0,1,1,0,0,1,1,0,0,41,0,0,0,0,0,0,0,0
4,908,933.0,117,terminated,0,0,0,0,933.0,1,0,1,1,0,0,1,1,0,0,35,0,0,0,0,0,0,0,0
4,909,954.0,96,terminated,0,0,0,0,954.0,1,0,1,1,0,0,1,1,0,0,39,0,0,0,0,0,0,0,0
4,910,929.0,121,terminated,0,0,0,0,929.0,1,0,1,1,0,0,1,1,0,0,40,0,0,0,0,0,0,0,0
4,911,-121.0,71,terminated,0,10,1,0,-121.0,0,0,1,1,0,0,1,1,0,0,45,0,0,0,0,0,0,0,0
4,912,979.0,71,terminated,0,0,0,0,979.0,1,0,1,1,0,0,1,1,0,0,36,0,0,0,0,0,0,0,0
4,913,959.0,91,terminated,0,0,0,0,959.0,1,0,1,1,0,0,1,1,0,0,35,0,0,0,0,0,0,0,0
4,914,967.0,83,terminated,0,0,0,0,967.0,1,0,1,1,0,0,1,1,0,0,35,0,0,0,0,0,0,0,0
4,915,955.0,95,terminated,0,0,0,0,955.0,1,0,1,1,0,0,1,1,0,0,29,0,0,0,0,0,0,0,0
4,916,963.0,87,terminated,0,0,0,0,963.0,1,0,1,1,0,0,1,1,0,0,50,0,0,0,0,0,0,0,0
4,917,968.0,82,terminated,0,0,0,0,968.0,1,0,1,1,0,0,1,1,0,0,28,0,0,0,0,0,0,0,0
4,918,945.0,105,terminated,0,0,0,0,945.0,1,0,1,1,0,0,1,1,0,0,29,0,0,0,0,0,0,0,0
4,919,974.0,76,terminated,0,0,0,0,974.0,1,0,1,1,0,0,1,1,0,0,34,0,0,0,0,0,0,0,0
4,920,925.0,125,terminated,0,0,0,0,925.0,1,0,1,1,0,0,1,1,0,0,71,0,0,0,0,0,0,0,0
4,921,979.0,71,terminated,0,0,0,0,979.0,1,0,1,1,0,0,1,1,0,0,34,0,0,0,0,0,0,0,0
4,922,956.0,94,terminated,0,0,0,0,956.0,1,0,1,1,0,0,1,1,0,0,54,0,0,0,0,0,0,0,0
4,923,941.0,109,terminated,0,0,0,0,941.0,1,0,1,1,0,0,1,1,0,0,49,0,0,0,0,0,0,0,0
4,924,-221.0,41,terminated,0,23,1,0,-221.0,0,0,1,1,0,0,1,1,0,0,37,0,0,0,0,0,0,0,0
4,925,947.0,103,terminated,0,0,0,0,947.0,1,0,1,1,0,0,1,1,0,0,52,0,0,0,0,0,0,0,0
4,926,981.0,69,terminated,0,0,0,0,981.0,1,0,1,1,0,0,1,1,0,0,32,0,0,0,0,0,0,0,0
4,927,933.0,117,terminated,0,0,0,0,933.0,1,0,1,1,0,0,1,1,0,0,41,0,0,0,0,0,0,0,0
4,928,926.0,124,terminated,0,0,0,0,926.0,1,0,1,1,0,0,1,1,0,0,32,0,0,0,0,0,0,0,0
4,929,-287.0,37,terminated,0,30,1,0,-287.0,0,0,1,1,0,0,1,1,0,0,37,0,0,0,0,0,0,0,0
4,930,973.0,77,terminated,0,0,0,0,973.0,1,0,1,1,0,0,1,1,0,0,44,0,0,0,0,0,0,0,0
4,931,958.0,92,terminated,0,0,0,0,958.0,1,0,1,1,0,0,1,1,0,0,49,0,0,0,0,0,0,0,0
4,932,957.0,93,terminated,0,0,0,0,957.0,1,0,1,1,0,0,1,1,0,0,44,0,0,0,0,0,0,0,0
4,933,971.0,79,terminated,0,0,0,0,971.0,1,0,1,1,0,0,1,1,0,0,42,0,0,0,0,0,0,0,0
4,934,-315.0,35,terminated,0,33,1,0,-315.0,0,0,1,1,0,0,1,1,0,0,35,0,0,0,0,0,0,0,0
4,935,950.0,100,terminated,0,0,0,0,950.0,1,0,1,1,0,0,1,1,0,0,31,0,0,0,0,0,0,0,0
4,936,972.0,78,terminated,0,0,0,0,972.0,1,0,1,1,0,0,1,1,0,0,41,0,0,0,0,0,0,0,0
4,937,958.0,92,terminated,0,0,0,0,958.0,1,0,1,1,0,0,1,1,0,0,42,0,0,0,0,0,0,0,0
4,938,935.0,115,terminated,0,0,0,0,935.0,1,0,1,1,0,0,1,1,0,0,47,0,0,0,0,0,0,0,0
4,939,965.0,85,terminated,0,0,0,0,965.0,1,0,1,1,0,0,1,1,0,0,47,0,0,0,0,0,0,0,0
4,940,971.0,79,terminated,0,0,0,0,971.0,1,0,1,1,0,0,1,1,0,0,29,0,0,0,0,0,0,0,0
4,941,963.0,87,terminated,0,0,0,0,963.0,1,0,1,1,0,0,1,1,0,0,33,0,0,0,0,0,0,0,0
4,942,965.0,85,terminated,0,0,0,0,965.0,1,0,1,1,0,0,1,1,0,0,27,0,0,0,0,0,0,0,0
4,943,919.0,131,terminated,0,0,0,0,919.0,1,0,1,1,0,0,1,1,0,0,37,0,0,0,0,0,0,0,0
4,944,940.0,110,terminated,0,0,0,0,940.0,1,0,1,1,0,0,1,1,0,0,37,0,0,0,0,0,0,0,0
4,945,975.0,75,terminated,0,0,0,0,975.0,1,0,1,1,0,0,1,1,0,0,34,0,0,0,0,0,0,0,0
4,946,971.0,79,terminated,0,0,0,0,971.0,1,0,1,1,0,0,1,1,0,0,35,0,0,0,0,0,0,0,0
4,947,956.0,94,terminated,0,0,0,0,956.0,1,0,1,1,0,0,1,1,0,0,31,0,0,0,0,0,0,0,0
4,948,974.0,76,terminated,0,0,0,0,974.0,1,0,1,1,0,0,1,1,0,0,36,0,0,0,0,0,0,0,0
4,949,892.0,158,terminated,0,0,0,0,892.0,1,0,1,1,0,0,1,1,0,0,31,0,0,0,0,0,0,0,0
4,950,959.0,91,terminated,0,0,0,0,959.0,1,0,1,1,0,0,1,1,0,0,42,0,0,0,0,0,0,0,0
4,951,976.0,74,terminated,0,0,0,0,976.0,1,0,1,1,0,0,1,1,0,0,40,0,0,0,0,0,0,0,0
4,952,978.0,72,terminated,0,0,0,0,978.0,1,0,1,1,0,0,1,1,0,0,36,0,0,0,0,0,0,0,0
4,953,954.0,96,terminated,0,0,0,0,954.0,1,0,1,1,0,0,1,1,0,0,53,0,0,0,0,0,0,0,0
4,954,966.0,84,terminated,0,0,0,0,966.0,1,0,1,1,0,0,1,1,0,0,49,0,0,0,0,0,0,0,0
4,955,976.0,74,terminated,0,0,0,0,976.0,1,0,1,1,0,0,1,1,0,0,33,0,0,0,0,0,0,0,0
4,956,976.0,74,terminated,0,0,0,0,976.0,1,0,1,1,0,0,1,1,0,0,23,0,0,0,0,0,0,0,0
4,957,977.0,73,terminated,0,0,0,0,977.0,1,0,1,1,0,0,1,1,0,0,41,0,0,0,0,0,0,0,0
4,958,968.0,82,terminated,0,0,0,0,968.0,1,0,1,1,0,0,1,1,0,0,44,0,0,0,0,0,0,0,0
4,959,938.0,112,terminated,0,0,0,0,938.0,1,0,1,1,0,0,1,1,0,0,27,0,0,0,0,0,0,0,0
4,960,980.0,70,terminated,0,0,0,0,980.0,1,0,1,1,0,0,1,1,0,0,38,0,0,0,0,0,0,0,0
4,961,882.0,168,terminated,0,0,0,0,882.0,1,0,1,1,0,0,1,1,0,0,73,0,0,0,0,0,0,0,0
4,962,945.0,105,terminated,0,0,0,0,945.0,1,0,1,1,0,0,1,1,0,0,31,0,0,0,0,0,0,0,0
4,963,933.0,117,terminated,0,0,0,0,933.0,1,0,1,1,0,0,1,1,0,0,31,0,0,0,0,0,0,0,0
4,964,971.0,79,terminated,0,0,0,0,971.0,1,0,1,1,0,0,1,1,0,0,37,0,0,0,0,0,0,0,0
4,965,955.0,95,terminated,0,0,0,0,955.0,1,0,1,1,0,0,1,1,0,0,47,0,0,0,0,0,0,0,0
4,966,969.0,81,terminated,0,0,0,0,969.0,1,0,1,1,0,0,1,1,0,0,27,0,0,0,0,0,0,0,0
4,967,971.0,79,terminated,0,0,0,0,971.0,1,0,1,1,0,0,1,1,0,0,41,0,0,0,0,0,0,0,0
4,968,980.0,70,terminated,0,0,0,0,980.0,1,0,1,1,0,0,1,1,0,0,37,0,0,0,0,0,0,0,0
4,969,970.0,80,terminated,0,0,0,0,970.0,1,0,1,1,0,0,1,1,0,0,48,0,0,0,0,0,0,0,0
4,970,968.0,82,terminated,0,0,0,0,968.0,1,0,1,1,0,0,1,1,0,0,31,0,0,0,0,0,0,0,0
4,971,963.0,87,terminated,0,0,0,0,963.0,1,0,1,1,0,0,1,1,0,0,35,0,0,0,0,0,0,0,0
4,972,984.0,66,terminated,0,0,0,0,984.0,1,0,1,1,0,0,1,1,0,0,34,0,0,0,0,0,0,0,0
4,973,937.0,113,terminated,0,0,0,0,937.0,1,0,1,1,0,0,1,1,0,0,31,0,0,0,0,0,0,0,0
4,974,961.0,89,terminated,0,0,0,0,961.0,1,0,1,1,0,0,1,1,0,0,31,0,0,0,0,0,0,0,0
4,975,964.0,86,terminated,0,0,0,0,964.0,1,0,1,1,0,0,1,1,0,0,41,0,0,0,0,0,0,0,0
4,976,965.0,85,terminated,0,0,0,0,965.0,1,0,1,1,0,0,1,1,0,0,35,0,0,0,0,0,0,0,0
4,977,970.0,80,terminated,0,0,0,0,970.0,1,0,1,1,0,0,1,1,0,0,25,0,0,0,0,0,0,0,0
4,978,984.0,66,terminated,0,0,0,0,984.0,1,0,1,1,0,0,1,1,0,0,34,0,0,0,0,0,0,0,0
4,979,961.0,89,terminated,0,0,0,0,961.0,1,0,1,1,0,0,1,1,0,0,41,0,0,0,0,0,0,0,0
4,980,957.0,93,terminated,0,0,0,0,957.0,1,0,1,1,0,0,1,1,0,0,32,0,0,0,0,0,0,0,0
4,981,970.0,80,terminated,0,0,0,0,970.0,1,0,1,1,0,0,1,1,0,0,27,0,0,0,0,0,0,0,0
4,982,927.0,123,terminated,0,0,0,0,927.0,1,0,1,1,0,0,1,1,0,0,26,0,0,0,0,0,0,0,0
4,983,-334.0,24,terminated,0,36,1,0,-334.0,0,0,1,1,0,0,1,1,0,0,24,0,0,0,0,0,0,0,0
4,984,902.0,148,terminated,0,0,0,0,902.0,1,0,1,1,0,0,1,1,0,0,69,0,0,0,0,0,0,0,0
4,985,976.0,74,terminated,0,0,0,0,976.0,1,0,1,1,0,0,1,1,0,0,42,0,0,0,0,0,0,0,0
4,986,-338.0,28,terminated,0,36,1,0,-338.0,0,0,1,1,0,0,1,1,0,0,28,0,0,0,0,0,0,0,0
4,987,987.0,63,terminated,0,0,0,0,987.0,1,0,1,1,0,0,1,1,0,0,33,0,0,0,0,0,0,0,0
4,988,959.0,91,terminated,0,0,0,0,959.0,1,0,1,1,0,0,1,1,0,0,35,0,0,0,0,0,0,0,0
4,989,984.0,66,terminated,0,0,0,0,984.0,1,0,1,1,0,0,1,1,0,0,35,0,0,0,0,0,0,0,0
4,990,954.0,96,terminated,0,0,0,0,954.0,1,0,1,1,0,0,1,1,0,0,55,0,0,0,0,0,0,0,0
4,991,926.0,124,terminated,0,0,0,0,926.0,1,0,1,1,0,0,1,1,0,0,26,0,0,0,0,0,0,0,0
4,992,950.0,100,terminated,0,0,0,0,950.0,1,0,1,1,0,0,1,1,0,0,35,0,0,0,0,0,0,0,0
4,993,977.0,73,terminated,0,0,0,0,977.0,1,0,1,1,0,0,1,1,0,0,34,0,0,0,0,0,0,0,0
4,994,968.0,82,terminated,0,0,0,0,968.0,1,0,1,1,0,0,1,1,0,0,34,0,0,0,0,0,0,0,0
4,995,954.0,96,terminated,0,0,0,0,954.0,1,0,1,1,0,0,1,1,0,0,60,0,0,0,0,0,0,0,0
4,996,939.0,111,terminated,0,0,0,0,939.0,1,0,1,1,0,0,1,1,0,0,33,0,0,0,0,0,0,0,0
4,997,974.0,76,terminated,0,0,0,0,974.0,1,0,1,1,0,0,1,1,0,0,42,0,0,0,0,0,0,0,0
4,998,985.0,65,terminated,0,0,0,0,985.0,1,0,1,1,0,0,1,1,0,0,33,0,0,0,0,0,0,0,0
4,999,983.0,67,terminated,0,0,0,0,983.0,1,0,1,1,0,0,1,1,0,0,35,0,0,0,0,0,0,0,0
